File processed: resources/r250.5.col.txt
Time consumed: 3667 ms
Number of colors: 222
----------------------------------------
Color 0: empty
Color 1: 108, 284, 381, 436, 571, 674, 845, 957, 1150, 1211, 1319, 1500, 1671, 1732, 1884, 2013, 2033, 2131, 2249, 2297, 2353, 2445, 2660, 2762, 2809, 3012, 3131, 3179, 3402, 3526, 3608, 3748, 3912, 3958, 4055, 4152, 4192, 4289, 4335, 4419, 4560, 4730, 4874, 5017, 5238, 5292, 5348, 5479, 5647, 5817, 5902, 5972, 6270, 6291, 6453, 6484, 6549, 6733, 6835, 6889, 6942, 7196, 7272, 7336, 7517, 7584, 7876, 7996, 8064, 8298, 8326, 8504, 8514, 8941, 9042, 9117, 9164, 9268, 9460, 9553, 9682, 9845, 9896, 10002, 10125, 10209, 10276, 10313, 10475, 10585, 10617, 10674, 10799, 10838, 10924, 10982, 11018, 11045, 11278, 11325, 11424, 11602, 11763, 11877, 12085, 12300, 12342, 12446, 12702, 12865, 13068, 13125, 13802, 13865, 13897, 13987, 14077, 14287, 14425, 14443, 14460, 14622, 14668, 14691, 14797
Color 2: 50, 200, 322, 457, 565, 733, 826, 927, 1101, 1195, 1349, 1539, 1643, 1745, 1914, 1956, 2086, 2178, 2230, 2326, 2360, 2523, 2603, 2717, 2840, 2985, 3073, 3236, 3305, 3553, 3600, 3646, 3840, 4008, 4164, 4303, 4325, 4424, 4531, 4681, 4907, 5064, 5098, 5197, 5333, 5439, 5608, 5639, 5964, 6095, 6219, 6309, 6389, 6583, 6660, 6734, 6836, 6864, 7088, 7199, 7244, 7509, 7551, 7702, 7830, 7903, 8056, 8450, 8565, 8640, 8706, 8785, 9026, 9035, 9296, 9400, 9470, 9594, 9675, 9781, 9854, 9968, 9995, 10080, 10184, 10219, 10256, 10301, 10417, 10512, 10631, 10666, 10714, 10787, 10835, 10987, 11213, 11266, 11454, 11647, 11680, 11731, 11957, 12025, 12098, 12350, 12408, 13014, 13416, 13474, 13544, 13632, 13777, 13875, 13914, 14164, 14238, 14353, 14413, 14430, 14497, 14545, 14617, 14671, 14726
Color 3: 17, 282, 315, 399, 597, 769, 832, 906, 1028, 1272, 1547, 1624, 1718, 1881, 1977, 2051, 2153, 2316, 2402, 2501, 2665, 2739, 2937, 2980, 3075, 3347, 3455, 3614, 3721, 3808, 3977, 4041, 4147, 4205, 4288, 4369, 4408, 4484, 4589, 4749, 4873, 5195, 5257, 5356, 5424, 5539, 5570, 5823, 5913, 6004, 6114, 6198, 6302, 6439, 6542, 6653, 6759, 6907, 6937, 6999, 7095, 7216, 7232, 7361, 7481, 7842, 8051, 8150, 8464, 8540, 8620, 8776, 8910, 9019, 9089, 9153, 9209, 9345, 9428, 9640, 9723, 10052, 10186, 10220, 10260, 10338, 10439, 10482, 10568, 10643, 10871, 11167, 11229, 11422, 11482, 11533, 11667, 11813, 11880, 11924, 12033, 12074, 12101, 12207, 12524, 12551, 12606, 12643, 12673, 12837, 12911, 13070, 13467, 13541, 13560, 13822, 13980, 14073, 14135, 14153, 14440, 14550, 14618, 14712, 14811
Color 4: 8, 238, 342, 461, 577, 739, 869, 974, 1013, 1176, 1298, 1490, 1618, 1909, 1995, 2021, 2174, 2228, 2350, 2428, 2987, 3128, 3161, 3330, 3520, 3631, 3681, 3930, 4107, 4142, 4230, 4354, 4397, 4488, 4691, 4801, 4922, 5060, 5096, 5242, 5267, 5334, 5415, 5489, 5586, 5811, 5853, 5995, 6181, 6220, 6298, 6368, 6540, 6669, 6782, 6923, 6944, 6998, 7061, 7222, 7247, 7333, 7414, 7516, 7626, 7731, 7778, 7883, 7942, 8078, 8098, 8255, 8348, 8471, 8978, 9212, 9463, 9535, 9647, 9727, 9883, 10014, 10094, 10243, 10315, 10404, 10455, 10465, 10535, 10550, 10721, 10922, 11242, 11486, 11586, 11636, 11671, 11706, 11734, 11954, 12161, 12272, 12345, 12381, 12462, 12632, 12730, 12745, 12912, 12957, 13092, 13290, 13386, 13565, 13682, 13807, 13860, 13995, 14029, 14076, 14299, 14396, 14559, 14578, 14599
Color 5: 57, 192, 379, 430, 608, 811, 910, 1016, 1184, 1350, 1520, 1576, 1847, 1849, 1980, 2132, 2381, 2426, 2601, 2714, 2893, 2973, 3135, 3390, 3634, 3749, 3844, 4003, 4168, 4244, 4265, 4320, 4480, 4565, 4748, 4880, 5139, 5279, 5384, 5447, 5694, 5763, 5907, 6023, 6121, 6241, 6301, 6601, 6633, 6752, 6860, 6947, 6982, 7078, 7188, 7315, 7460, 7488, 7554, 7695, 7771, 7907, 7969, 8050, 8186, 8220, 8456, 8691, 8742, 8982, 9136, 9218, 9289, 9319, 9496, 9611, 9671, 9704, 9772, 9830, 10063, 10170, 10242, 10274, 10364, 10532, 10605, 10635, 10684, 10765, 10813, 10853, 10976, 11039, 11148, 11297, 11391, 11416, 11550, 11643, 11664, 11703, 11872, 11918, 12068, 12163, 12501, 12555, 12682, 12984, 13012, 13262, 13347, 13425, 13572, 13605, 13726, 13957, 14036, 14061, 14169, 14183, 14587, 14826
Color 6: 32, 225, 385, 398, 594, 882, 956, 1051, 1262, 1375, 1486, 1635, 1837, 2004, 2039, 2134, 2225, 2299, 2399, 2524, 2670, 2759, 2812, 3036, 3145, 3277, 3358, 3441, 3616, 3663, 3825, 3925, 4047, 4177, 4252, 4271, 4345, 4437, 4544, 4636, 4737, 4870, 5125, 5276, 5326, 5442, 5485, 5585, 5856, 6019, 6201, 6279, 6419, 6641, 6715, 6801, 6850, 6957, 7040, 7229, 7276, 7468, 7619, 7841, 7934, 8065, 8254, 8454, 8695, 8844, 8995, 9028, 9100, 9256, 9350, 9374, 9568, 9581, 9653, 9818, 9841, 9945, 10171, 10248, 10270, 10340, 10409, 10520, 10628, 10804, 10884, 10962, 11014, 11106, 11110, 11241, 11405, 11603, 11719, 11871, 11925, 11935, 12043, 12251, 12303, 12413, 12825, 12936, 13023, 13173, 13308, 13328, 13446, 13521, 13704, 13790, 13844, 13972, 14356, 14414, 14426, 14649, 14677, 14715
Color 7: 149, 269, 391, 433, 509, 640, 828, 952, 1111, 1207, 1333, 1431, 1641, 1798, 1887, 1936, 2073, 2145, 2253, 2307, 2380, 2556, 2608, 2686, 2858, 3130, 3226, 3351, 3619, 3702, 3889, 3971, 4103, 4141, 4262, 4306, 4357, 4386, 4518, 4635, 4760, 4936, 4966, 5143, 5239, 5367, 5416, 5543, 5605, 5747, 5918, 6041, 6115, 6210, 6316, 6440, 6492, 6573, 6829, 6898, 6960, 6987, 7048, 7250, 7316, 7489, 7610, 7694, 7824, 8048, 8317, 8345, 8429, 8515, 8650, 8682, 8739, 8900, 8932, 9008, 9145, 9262, 9324, 9431, 9566, 9797, 9825, 10001, 10154, 10203, 10255, 10371, 10485, 10514, 10602, 10647, 10927, 11181, 11267, 11332, 11495, 11507, 11716, 11758, 12127, 12221, 12395, 12454, 12659, 12719, 13000, 13527, 13644, 13673, 13698, 13819, 13994, 14155, 14189, 14292, 14459, 14619, 14631, 14651, 14772
Color 8: 4, 183, 373, 454, 473, 814, 982, 1267, 1391, 1672, 1796, 1852, 1947, 2090, 2152, 2256, 2302, 2382, 2460, 2741, 2940, 3005, 3186, 3337, 3519, 3610, 3851, 3969, 4054, 4153, 4218, 4295, 4331, 4433, 4461, 4606, 4769, 4843, 4967, 5146, 5231, 5283, 5386, 5423, 5524, 5569, 5757, 5824, 5882, 6150, 6253, 6299, 6407, 6539, 6597, 6635, 6764, 6790, 6897, 6941, 7015, 7172, 7280, 7314, 7420, 7508, 7557, 7964, 8139, 8349, 8474, 8569, 8594, 8678, 8957, 9007, 9043, 9120, 9208, 9376, 9532, 9603, 9680, 9838, 10019, 10054, 10118, 10415, 10522, 10569, 10690, 10715, 10916, 10939, 11002, 11090, 11258, 11321, 12064, 12092, 12152, 12264, 12396, 12547, 12722, 12941, 12961, 13098, 13360, 13392, 13558, 13606, 13984, 14032, 14178, 14392, 14494, 14538, 14560, 14674, 14724, 14777, 14782, 14839
Color 9: 97, 253, 389, 453, 590, 632, 887, 942, 1025, 1216, 1342, 1397, 1685, 1906, 1937, 2097, 2166, 2250, 2257, 2664, 2698, 2839, 2971, 3105, 3157, 3306, 3621, 3738, 3792, 3978, 4125, 4137, 4256, 4284, 4341, 4409, 4553, 4763, 5112, 5159, 5252, 5378, 5455, 5490, 5602, 5699, 5774, 5970, 6110, 6319, 6382, 6522, 6565, 6783, 6886, 7067, 7183, 7318, 7406, 7483, 7615, 7836, 7869, 7937, 8084, 8346, 8492, 8525, 8645, 8892, 8906, 8986, 9108, 9502, 9683, 9796, 9832, 9900, 10034, 10088, 10163, 10278, 10331, 10435, 10480, 10508, 10577, 10891, 10983, 11116, 11225, 11369, 11474, 11596, 11644, 11675, 11829, 11876, 11890, 12036, 12131, 12216, 12255, 12285, 12341, 12548, 12631, 13029, 13106, 13121, 13205, 13244, 13535, 13649, 13821, 13848, 14003, 14060, 14095, 14406, 14442, 14637, 14681
Color 10: 44, 217, 307, 458, 612, 661, 833, 998, 1052, 1242, 1314, 1518, 1687, 1700, 1857, 1970, 2049, 2163, 2245, 2325, 2379, 2634, 2758, 2952, 2990, 3139, 3352, 3498, 3613, 3700, 3763, 3941, 4077, 4145, 4221, 4280, 4360, 4390, 4533, 4795, 4867, 5016, 5204, 5253, 5390, 5587, 5643, 5815, 5837, 6193, 6300, 6385, 6479, 6607, 6656, 6727, 6862, 6939, 6990, 7201, 7237, 7330, 7534, 7779, 8000, 8393, 8449, 8516, 8651, 8741, 8849, 8955, 9027, 9386, 9550, 9619, 9659, 9732, 9855, 9897, 9983, 10060, 10307, 10410, 10484, 10826, 10901, 10945, 11089, 11139, 11465, 11514, 11708, 11754, 11878, 12164, 12322, 12559, 12696, 12741, 12766, 12935, 12975, 13073, 13126, 13259, 13286, 13345, 13409, 13508, 13543, 13634, 13711, 13750, 13765, 14015, 14053, 14133, 14212, 14473, 14526, 14549, 14749
Color 11: 157, 260, 362, 467, 584, 732, 842, 909, 1033, 1220, 1334, 1534, 1653, 1787, 1855, 2040, 2118, 2246, 2265, 2396, 2530, 2645, 2768, 2892, 3061, 3102, 3293, 3419, 3424, 3591, 3751, 3944, 4090, 4268, 4330, 4509, 4704, 4809, 4861, 4986, 5115, 5232, 5263, 5310, 5402, 5544, 5762, 5906, 5961, 6055, 6196, 6380, 6504, 6643, 6731, 6949, 7093, 7174, 7310, 7354, 7505, 7583, 7826, 7912, 8044, 8238, 8436, 8527, 8698, 8737, 8884, 8907, 8987, 9196, 9281, 9393, 9599, 9668, 9852, 9980, 10087, 10144, 10193, 10279, 10303, 10358, 10431, 10502, 10511, 10638, 10756, 10788, 10848, 10952, 11008, 11143, 11455, 11517, 11609, 11686, 12021, 12100, 12180, 12346, 12552, 12603, 12654, 13037, 13213, 13398, 13590, 13638, 13736, 13781, 14136, 14266, 14368, 14429, 14581, 14646, 14711, 14731, 14750, 14825
Color 12: 28, 288, 339, 406, 622, 843, 922, 1143, 1238, 1297, 1443, 1606, 1740, 1910, 2109, 2124, 2247, 2343, 2376, 2518, 2625, 2713, 2876, 3006, 3134, 3173, 3389, 3584, 3604, 3727, 3845, 4009, 4038, 4161, 4224, 4300, 4346, 4404, 4524, 4639, 4776, 4833, 5219, 5327, 5491, 5594, 5686, 5797, 5912, 5960, 6078, 6189, 6322, 6515, 6602, 6682, 6890, 6951, 7006, 7101, 7181, 7266, 7306, 7538, 7862, 7893, 7936, 8042, 8303, 8487, 8702, 8740, 8908, 9072, 9109, 9225, 9351, 9464, 9627, 9831, 10035, 10191, 10253, 10326, 10448, 10534, 10565, 10687, 10749, 10811, 10844, 10903, 10984, 11094, 11130, 11473, 11475, 11542, 11752, 11826, 11854, 12032, 12079, 12158, 12357, 12407, 12437, 12570, 12664, 12958, 13027, 13085, 13364, 13463, 13489, 13571, 13683, 13780, 13850, 14018, 14354, 14370, 14554
Color 13: 166, 257, 372, 404, 623, 713, 851, 923, 1006, 1214, 1367, 1421, 1592, 1919, 1969, 2035, 2183, 2204, 2261, 2390, 2564, 2607, 2732, 2800, 3027, 3316, 3633, 3755, 3788, 4002, 4026, 4155, 4364, 4392, 4477, 4588, 4785, 4934, 5074, 5118, 5168, 5251, 5336, 5432, 5499, 5968, 6060, 6231, 6281, 6510, 6663, 6768, 6824, 6867, 6935, 6983, 7169, 7249, 7439, 7541, 7580, 7804, 7991, 8337, 8615, 8683, 8767, 8835, 9011, 9050, 9302, 9401, 9510, 9539, 9624, 9644, 9713, 9955, 10026, 10148, 10229, 10272, 10302, 10327, 10412, 10576, 10649, 10779, 10814, 11048, 11228, 11431, 11480, 11710, 11753, 11802, 11847, 11885, 12069, 12414, 12451, 12468, 12737, 12760, 12939, 12995, 13081, 13131, 13250, 13350, 13402, 13525, 13562, 13680, 13717, 13905, 14012, 14093, 14202, 14434, 14507, 14577, 14734, 14741
Color 14: 113, 188, 331, 402, 521, 642, 893, 943, 1046, 1268, 1383, 1506, 1615, 1831, 1905, 1924, 2091, 2117, 2205, 2272, 2371, 2466, 2671, 2702, 2905, 3033, 3154, 3408, 3515, 3625, 3715, 4108, 4178, 4291, 4391, 4752, 4924, 4974, 5142, 5220, 5268, 5365, 5397, 5561, 5566, 5684, 5883, 6018, 6159, 6224, 6399, 6613, 6676, 6724, 6810, 6870, 6934, 7009, 7054, 7152, 7540, 7582, 7760, 7832, 7882, 8015, 8088, 8202, 8379, 8533, 8592, 8783, 9031, 9200, 9247, 9320, 9420, 9524, 9557, 9716, 9823, 9907, 9981, 10096, 10142, 10246, 10254, 10311, 10386, 10452, 10477, 10603, 10777, 10790, 10873, 11077, 11326, 11493, 11561, 11624, 11654, 11718, 11768, 12061, 12150, 12183, 12212, 12399, 12549, 12662, 12731, 12795, 12922, 13009, 13274, 13379, 13491, 13530, 13559, 13880, 14205, 14397, 14520, 14685, 14740
Color 15: 14, 247, 314, 455, 613, 803, 825, 979, 1058, 1196, 1358, 1548, 1647, 1786, 1904, 1979, 2055, 2138, 2206, 2295, 2357, 2484, 2628, 2763, 2996, 3108, 3180, 3340, 3605, 3747, 3775, 3952, 4111, 4175, 4251, 4287, 4329, 4429, 4452, 4647, 4876, 4944, 5205, 5287, 5308, 5549, 5578, 5780, 5859, 6361, 6513, 6550, 6750, 6922, 6959, 7021, 7182, 7260, 7323, 7453, 7485, 7577, 7690, 7859, 7896, 7963, 8040, 8182, 8377, 8477, 8508, 8619, 8769, 9076, 9158, 9292, 9363, 9534, 9655, 9703, 10032, 10187, 10325, 10526, 10619, 10668, 10755, 10796, 10890, 11023, 11093, 11136, 11204, 11360, 11496, 11632, 11692, 11759, 11771, 11965, 12018, 12063, 12087, 12351, 12641, 12688, 12919, 12994, 13040, 13094, 13133, 13348, 13372, 13580, 13720, 14125, 14168, 14298, 14380, 14476, 14496, 14513, 14770
Color 16: 25, 246, 377, 421, 475, 852, 950, 1067, 1178, 1372, 1429, 1690, 1880, 1976, 2077, 2148, 2213, 2319, 2383, 2669, 2775, 2846, 3137, 3285, 3303, 3597, 3654, 3880, 3947, 4045, 4174, 4246, 4290, 4340, 4399, 4717, 4883, 5028, 5152, 5250, 5388, 5454, 5519, 5610, 5723, 5789, 5980, 6250, 6339, 6378, 6494, 6679, 6725, 6815, 6920, 6955, 7079, 7240, 7338, 7410, 7525, 7589, 7675, 7775, 7878, 7948, 8085, 8093, 8488, 8549, 8646, 8686, 9021, 9168, 9290, 9354, 9450, 9454, 9658, 9746, 10037, 10183, 10336, 10368, 10444, 10547, 10624, 10815, 10964, 11003, 11122, 11177, 11251, 11538, 11705, 11743, 11801, 11869, 11919, 12013, 12298, 12436, 12509, 12618, 12699, 12804, 13102, 13307, 13339, 13374, 13411, 13431, 13522, 13555, 13749, 13796, 14110, 14139, 14177, 14184, 14211, 14652
Color 17: 139, 273, 366, 424, 576, 817, 916, 1019, 1273, 1341, 1515, 1648, 1713, 1896, 1935, 2068, 2175, 2235, 2296, 2403, 2666, 2718, 2897, 3040, 3132, 3195, 3371, 3649, 3937, 4076, 4130, 4247, 4349, 4406, 4595, 4822, 4913, 5137, 5227, 5249, 5355, 5406, 5530, 5589, 5740, 5858, 5988, 6242, 6454, 6475, 6563, 6642, 6703, 6868, 6946, 7029, 7085, 7220, 7261, 7317, 7404, 7491, 7805, 8006, 8089, 8138, 8266, 8443, 8505, 8677, 8750, 8909, 8990, 9049, 9132, 9159, 9279, 9570, 9699, 9756, 10055, 10136, 10236, 10264, 10454, 10601, 10817, 10867, 10908, 11006, 11051, 11184, 11294, 11469, 11492, 11637, 11656, 11714, 11874, 11997, 12201, 12895, 12914, 13036, 13043, 13264, 13442, 13515, 13593, 13607, 13684, 13778, 13793, 13944, 13973, 14188, 14407, 14483, 14552, 14666, 14804
Color 18: 51, 207, 323, 441, 511, 861, 977, 1100, 1241, 1305, 1494, 1664, 1821, 1874, 1921, 2096, 2168, 2219, 2323, 2651, 2710, 2817, 3014, 3140, 3267, 3314, 3629, 3724, 3899, 3972, 4117, 4135, 4248, 4328, 4387, 4485, 4573, 4742, 4899, 5020, 5140, 5167, 5262, 5335, 5545, 5624, 5783, 5904, 6217, 6292, 6418, 6505, 6552, 6685, 6758, 6924, 7062, 7210, 7273, 7337, 7612, 7879, 8067, 8111, 8357, 8417, 8563, 8595, 8673, 8728, 8837, 9004, 9195, 9270, 9317, 9545, 9765, 9840, 9978, 10289, 10304, 10342, 10363, 10460, 10517, 10680, 10738, 10836, 10934, 11027, 11076, 11202, 11322, 11470, 11497, 11583, 11653, 11864, 11915, 11983, 12052, 12093, 12137, 12171, 12417, 12996, 13305, 13439, 13596, 13619, 13679, 13923, 14290, 14330, 14352, 14547, 14573, 14673, 14683, 14748, 14786, 14806
Color 19: 6, 262, 332, 418, 499, 835, 951, 1166, 1237, 1370, 1665, 1793, 1873, 1931, 2092, 2147, 2216, 2269, 2372, 2433, 2638, 2728, 2820, 3018, 3136, 3241, 3413, 3481, 3618, 3707, 3841, 3940, 4074, 4179, 4213, 4308, 4371, 4420, 4554, 4738, 4830, 4999, 5081, 5198, 5271, 5438, 5548, 5804, 5847, 6209, 6409, 6500, 6574, 6645, 6709, 6800, 6926, 6980, 7092, 7224, 7284, 7348, 7455, 7545, 7568, 7880, 8033, 8192, 8258, 8366, 8500, 8512, 8772, 8870, 8918, 9037, 9206, 9361, 9410, 9525, 9620, 9686, 9700, 9759, 10152, 10316, 10463, 10530, 10651, 10975, 11015, 11131, 11199, 11274, 11440, 11530, 11695, 11775, 11858, 11961, 12167, 12177, 12344, 12423, 12463, 12536, 12724, 13241, 13422, 13486, 13536, 13614, 13725, 13756, 13858, 13963, 14161, 14237, 14432, 14546, 14686, 14704, 14729
Color 20: 135, 203, 303, 411, 575, 892, 939, 1157, 1212, 1306, 1436, 1651, 1818, 1892, 1926, 2066, 2176, 2224, 2285, 2410, 2422, 2623, 2733, 3028, 3098, 3228, 3361, 3562, 3626, 3690, 3766, 3986, 4024, 4253, 4403, 4542, 4624, 4718, 4902, 5107, 5294, 5317, 5444, 5493, 5568, 5744, 5810, 5852, 6254, 6310, 6432, 6546, 6603, 6730, 6794, 7045, 7211, 7325, 7434, 7543, 7593, 7659, 7772, 7926, 7993, 8036, 8265, 8427, 8840, 8928, 9073, 9133, 9188, 9276, 9318, 9387, 9477, 9542, 9690, 9724, 9791, 9856, 9989, 10078, 10145, 10217, 10293, 10323, 10341, 10352, 10451, 10469, 10618, 10677, 10767, 11165, 11401, 11498, 11527, 11560, 11629, 11867, 12096, 12371, 12493, 12563, 12929, 12976, 13103, 13112, 13279, 13475, 13498, 13713, 13868, 13889, 14041, 14045, 14116, 14435, 14576, 14709, 14808
Color 21: 2, 222, 338, 423, 728, 888, 930, 1117, 1217, 1330, 1406, 1644, 1813, 1869, 1963, 2042, 2192, 2239, 2259, 2404, 2585, 2597, 2723, 2804, 2976, 3097, 3407, 3461, 3735, 4029, 4181, 4254, 4318, 4327, 4413, 4505, 4646, 4712, 4948, 5119, 5164, 5258, 5321, 5426, 5516, 5579, 5690, 5775, 5909, 5953, 6330, 6457, 6463, 6606, 6648, 6723, 7005, 7065, 7161, 7233, 7437, 7739, 7872, 7957, 8140, 8367, 8501, 8558, 8614, 8722, 8888, 8971, 9240, 9516, 9583, 9717, 9799, 9901, 9982, 10164, 10300, 10329, 10387, 10416, 10527, 10578, 10658, 10728, 10810, 10971, 11041, 11237, 11377, 11688, 11785, 11853, 11948, 12048, 12082, 12170, 12240, 12356, 12434, 12622, 13046, 13100, 13236, 13263, 13421, 13484, 13539, 13631, 13664, 13728, 13771, 13864, 13954, 14137, 14244, 14467, 14555, 14579, 14615, 14732
Color 22: 99, 256, 376, 445, 525, 871, 987, 1004, 1284, 1313, 1582, 1833, 1872, 1964, 2056, 2197, 2218, 2312, 2358, 2635, 2753, 2832, 2979, 3076, 3263, 3373, 3429, 3592, 3677, 3974, 4118, 4154, 4214, 4292, 4336, 4389, 4494, 4755, 4914, 5079, 5124, 5222, 5420, 5595, 5719, 5777, 5845, 5971, 6205, 6312, 6415, 6477, 6577, 6678, 6822, 6878, 6952, 7068, 7274, 7343, 7640, 7848, 7871, 7961, 8077, 8152, 8336, 8481, 8587, 8590, 8680, 8988, 9173, 9242, 9388, 9540, 9588, 9684, 9805, 9936, 10050, 10309, 10574, 10621, 10820, 10913, 11066, 11118, 11279, 11434, 11566, 11659, 11816, 12004, 12142, 12223, 12294, 12459, 12909, 12990, 13057, 13130, 13183, 13272, 13378, 13478, 13686, 13825, 13922, 13960, 14031, 14071, 14257, 14363, 14431, 14582, 14627, 14699, 14730, 14821, 14841
Color 23: 104, 281, 361, 429, 481, 696, 863, 964, 1103, 1198, 1322, 1532, 1684, 1698, 1875, 1990, 2026, 2135, 2210, 2301, 2385, 2436, 2611, 2771, 2995, 3109, 3381, 3714, 3929, 4050, 4140, 4249, 4307, 4343, 4430, 4504, 4569, 4772, 4887, 5147, 5161, 5259, 5319, 5412, 5505, 5598, 5821, 5917, 5982, 6373, 6461, 6589, 6748, 6787, 7011, 7117, 7263, 7498, 7616, 7861, 7875, 8007, 8197, 8259, 8381, 8467, 8584, 8664, 8866, 9014, 9064, 9230, 9313, 9449, 9457, 9574, 9695, 9738, 9767, 10067, 10244, 10290, 10319, 10349, 10419, 10495, 10704, 10789, 10830, 10914, 10992, 11016, 11214, 11426, 11501, 11651, 11711, 11739, 11910, 12186, 12260, 12336, 12540, 12575, 12966, 13078, 13127, 13245, 13324, 13404, 13499, 13806, 13874, 13976, 14132, 14162, 14308, 14367, 14427, 14551, 14798
Color 24: 153, 180, 358, 462, 519, 821, 911, 1137, 1232, 1380, 1484, 1655, 1741, 1862, 1966, 2085, 2150, 2217, 2327, 2619, 2700, 2904, 2986, 3114, 3232, 3635, 3668, 3932, 4048, 4158, 4193, 4312, 4393, 4556, 4582, 4819, 4860, 5069, 5100, 5213, 5291, 5427, 5533, 5597, 5654, 5765, 5879, 6021, 6324, 6351, 6538, 6566, 6718, 6791, 6928, 6993, 7228, 7243, 7320, 7625, 7888, 7978, 8353, 8458, 8528, 8674, 8833, 8963, 8985, 9055, 9203, 9243, 9314, 9473, 9580, 9643, 9701, 9811, 10057, 10112, 10334, 10494, 10644, 10925, 10938, 11068, 11447, 11491, 11627, 11683, 11715, 11788, 11838, 11912, 12065, 12103, 12204, 12308, 12431, 12677, 12873, 12937, 13282, 13375, 13390, 13459, 13603, 13641, 13719, 13836, 13857, 14014, 14030, 14080, 14124, 14259, 14281, 14360, 14566, 14593
Color 25: 21, 226, 345, 456, 471, 779, 824, 925, 1256, 1315, 1416, 1567, 1785, 1877, 1993, 2053, 2185, 2242, 2339, 2417, 2668, 2790, 2909, 3059, 3091, 3213, 3379, 3598, 3740, 3959, 4081, 4173, 4225, 4297, 4368, 4431, 4503, 4699, 4764, 5101, 5186, 5313, 5463, 5507, 5716, 5790, 5854, 6034, 6200, 6356, 6470, 6592, 6666, 6719, 6899, 6956, 6973, 7050, 7226, 7239, 7339, 7369, 7542, 7784, 7997, 8146, 8322, 8330, 8574, 8692, 8896, 8959, 8992, 9116, 9207, 9425, 9512, 9571, 9589, 9654, 9708, 9803, 10195, 10285, 10378, 10450, 10499, 10536, 10607, 10646, 10872, 11063, 11254, 11435, 11478, 11760, 11791, 11865, 11900, 11949, 12040, 12071, 12135, 12185, 12398, 12556, 12561, 12738, 12908, 12979, 13234, 13268, 13384, 13546, 13592, 13709, 13872, 14020, 14122, 14391, 14661
Color 26: 84, 210, 378, 449, 607, 820, 917, 1036, 1233, 1299, 1541, 1688, 1758, 1907, 1941, 2080, 2159, 2226, 2279, 2622, 2722, 2957, 2967, 3119, 3229, 3354, 3594, 3685, 3798, 3960, 4056, 4229, 4309, 4326, 4539, 4652, 4800, 4851, 5018, 5144, 5162, 5265, 5538, 5621, 5683, 5930, 6026, 6236, 6304, 6424, 6512, 6572, 6629, 6744, 6802, 6895, 6961, 6988, 7075, 7191, 7445, 7518, 7562, 7802, 7870, 7974, 8176, 8290, 8426, 8634, 8694, 8746, 8926, 8989, 9141, 9176, 9265, 9486, 9569, 9615, 9864, 10046, 10159, 10287, 10422, 10531, 10557, 10664, 10692, 10771, 10793, 10839, 10877, 10986, 11005, 11135, 11245, 11574, 11689, 12019, 12060, 12168, 12220, 12314, 12612, 12755, 13021, 13090, 13255, 13368, 13396, 13482, 13549, 13830, 13871, 14172, 14220, 14445, 14517, 14568, 14641, 14678
Color 27: 100, 237, 374, 422, 606, 860, 970, 1110, 1204, 1357, 1403, 1634, 1842, 1912, 1968, 2052, 2144, 2254, 2268, 2387, 2465, 2682, 2708, 3001, 3089, 3165, 3420, 3570, 3630, 3688, 3771, 3990, 4058, 4134, 4211, 4269, 4337, 4412, 4466, 4640, 4747, 4850, 5030, 5123, 5158, 5248, 5340, 5501, 5616, 5781, 5848, 5990, 6405, 6481, 6673, 6775, 7020, 7082, 7193, 7254, 7319, 7402, 7691, 7847, 7894, 8035, 8311, 8362, 8567, 8609, 8699, 8719, 8804, 9012, 9032, 9185, 9255, 9442, 9522, 9991, 10075, 10178, 10288, 10322, 10343, 10382, 10652, 10707, 10724, 10809, 10941, 11098, 11210, 11333, 11410, 11605, 11701, 11720, 11835, 11981, 12306, 12442, 12544, 12639, 12968, 13071, 13115, 13321, 13370, 13495, 13568, 13705, 13757, 13988, 14121, 14127, 14174, 14252, 14516, 14543, 14590, 14614, 14714, 14845
Color 28: 161, 230, 340, 425, 556, 854, 963, 1011, 1209, 1317, 1396, 1827, 1915, 1987, 2029, 2149, 2248, 2290, 2356, 2677, 2754, 2835, 3047, 3093, 3149, 3336, 3432, 3603, 3660, 3920, 4021, 4210, 4355, 4400, 4464, 4673, 4896, 5110, 5155, 5280, 5389, 5478, 5515, 5644, 5793, 5896, 6166, 6398, 6559, 6672, 6695, 6834, 6894, 6962, 6971, 7096, 7227, 7426, 7500, 7556, 7777, 7866, 7939, 8142, 8468, 8580, 8709, 8726, 8821, 9023, 9068, 9430, 9501, 9635, 9646, 9715, 9973, 10010, 10047, 10189, 10216, 10305, 10506, 10513, 10609, 10669, 10717, 10846, 10979, 10996, 11145, 11215, 11520, 11681, 11751, 11820, 11939, 11996, 12055, 12206, 12469, 12553, 12569, 12711, 13097, 13120, 13265, 13371, 13407, 13426, 13540, 13651, 13674, 13714, 13734, 13817, 13834, 14010, 14108, 14294, 14390, 14444, 14567, 14745
Color 29: 95, 190, 317, 407, 474, 679, 864, 929, 1018, 1276, 1307, 1501, 1704, 1900, 1955, 2065, 2125, 2221, 2333, 2392, 2570, 2618, 2766, 2898, 2982, 3115, 3289, 3416, 3615, 3706, 3993, 4046, 4128, 4212, 4316, 4361, 4493, 4709, 4803, 4958, 5103, 5182, 5277, 5567, 5729, 5800, 5839, 5962, 6305, 6449, 6490, 6596, 6691, 6830, 6904, 6991, 7112, 7139, 7321, 7531, 7597, 7897, 7946, 8021, 8122, 8340, 8496, 8669, 8838, 8977, 9038, 9103, 9165, 9228, 9300, 9396, 9533, 9585, 9835, 9908, 10007, 10070, 10328, 10496, 10754, 10805, 10926, 11107, 11140, 11234, 11437, 11513, 11578, 11684, 11721, 11761, 11956, 12075, 12097, 12154, 12337, 12394, 12550, 12598, 12648, 12712, 12739, 12988, 13045, 13278, 13385, 13678, 13708, 13842, 13942, 14117, 14224, 14297, 14358, 14512, 14588, 14655, 14675
Color 30: 67, 286, 329, 437, 578, 648, 874, 954, 1104, 1218, 1345, 1530, 1679, 1768, 1858, 1920, 2058, 2158, 2251, 2405, 2519, 2599, 2705, 2946, 2991, 3096, 3224, 3377, 3636, 3729, 3852, 3935, 4040, 4209, 4286, 4332, 4440, 4497, 4815, 4928, 4961, 5111, 5200, 5284, 5419, 5555, 5574, 5752, 5818, 5872, 5954, 6059, 6213, 6313, 6347, 6516, 6605, 6674, 6721, 6812, 6933, 7024, 7056, 7253, 7469, 7514, 7559, 7921, 8209, 8503, 8535, 8642, 8700, 8773, 8991, 9123, 9241, 9312, 9559, 9663, 9714, 9815, 9822, 10030, 10149, 10222, 10318, 10446, 10491, 10559, 10919, 10944, 11243, 11423, 11487, 11625, 11702, 11747, 11904, 11969, 12072, 12102, 12147, 12208, 12302, 12404, 12675, 12983, 13033, 13061, 13191, 13275, 13356, 13588, 13663, 13710, 13926, 14043, 14131, 14280, 14412, 14492, 14765
Color 31: 36, 231, 301, 426, 619, 881, 981, 1162, 1188, 1363, 1499, 1601, 1806, 1891, 1943, 2019, 2220, 2298, 2414, 2424, 2633, 2788, 2930, 2989, 3101, 3317, 3516, 3675, 3791, 3926, 4027, 4169, 4234, 4275, 4362, 4423, 4453, 5027, 5106, 5188, 5296, 5381, 5414, 5550, 5638, 5822, 5924, 6240, 6278, 6422, 6558, 6670, 6804, 6880, 6943, 6994, 7072, 7291, 7312, 7355, 7477, 7745, 7854, 7914, 7968, 8073, 8455, 8655, 8693, 8731, 8874, 8913, 9098, 9174, 9341, 9424, 9531, 9605, 9768, 9821, 10043, 10330, 10403, 10447, 10537, 10573, 10667, 10780, 10824, 11075, 11152, 11268, 11460, 11618, 11764, 11793, 11958, 12017, 12070, 12198, 12213, 12250, 12532, 12683, 12767, 12980, 13020, 13087, 13129, 13287, 13545, 13689, 13829, 14035, 14046, 14092, 14104, 14365, 14408, 14776, 14788, 14848
Color 32: 131, 174, 341, 459, 605, 635, 846, 928, 1084, 1210, 1356, 1439, 1587, 1730, 1870, 1940, 2130, 2207, 2294, 2348, 2626, 2761, 2999, 3081, 3281, 3388, 3607, 3689, 4031, 4138, 4217, 4293, 4356, 4414, 4498, 4585, 4746, 4864, 5054, 5129, 5228, 5254, 5453, 5547, 5584, 5709, 5768, 5935, 5969, 6122, 6191, 6329, 6420, 6509, 6569, 6805, 6896, 6965, 7465, 7571, 7940, 8149, 8365, 8671, 8711, 8732, 8863, 8965, 9085, 9101, 9192, 9379, 9466, 9575, 9634, 9735, 9850, 10493, 10516, 10581, 10629, 10741, 10852, 10883, 10980, 10995, 11061, 11288, 11502, 11564, 11727, 11830, 11850, 11962, 12035, 12066, 12088, 12125, 12245, 12321, 12348, 12564, 12656, 12681, 12748, 12812, 13124, 13349, 13377, 13456, 13519, 13656, 13768, 13835, 13901, 13919, 14025, 14102, 14522, 14589, 14810
Color 33: 11, 218, 344, 419, 549, 625, 848, 932, 1206, 1321, 1437, 1600, 1789, 1911, 2000, 2095, 2189, 2231, 2270, 2378, 2654, 2774, 2802, 3029, 3095, 3235, 3329, 3617, 3678, 3785, 3950, 4102, 4180, 4198, 4267, 4374, 4447, 4559, 4676, 4792, 4837, 5021, 5104, 5173, 5278, 5346, 5417, 5488, 5622, 5670, 5784, 5937, 6038, 6066, 6307, 6425, 6600, 6786, 6875, 6968, 6970, 7304, 7495, 7639, 7911, 7951, 8053, 8341, 8588, 8600, 8950, 9115, 9167, 9323, 9519, 9537, 9679, 9807, 9963, 10192, 10296, 10353, 10566, 10659, 10675, 10751, 10932, 10965, 11069, 11197, 11292, 11532, 11593, 11633, 11724, 11756, 11800, 11870, 11908, 11955, 12089, 12145, 12225, 12363, 12427, 12596, 12715, 13004, 13080, 13230, 13267, 13292, 13342, 13450, 13526, 13531, 13598, 13653, 13930, 14027, 14066, 14096, 14449, 14580
Color 34: 128, 235, 352, 431, 564, 788, 855, 926, 1107, 1264, 1343, 1413, 1657, 1722, 1888, 1962, 2089, 2139, 2234, 2309, 2415, 2531, 2659, 2760, 2932, 2992, 3094, 3147, 3422, 3639, 3651, 3982, 4030, 4184, 4243, 4311, 4324, 4422, 4548, 4937, 5052, 5105, 5298, 5343, 5458, 5500, 5591, 5687, 5776, 5864, 6030, 6266, 6397, 6469, 6609, 6634, 6814, 6874, 6936, 7003, 7071, 7184, 7246, 7299, 7387, 7515, 7572, 7795, 7918, 8047, 8188, 8271, 8375, 8422, 8552, 8617, 8687, 8759, 8855, 8920, 9013, 9127, 9222, 9344, 9419, 9600, 9817, 9846, 10029, 10095, 10317, 10544, 10620, 10816, 10915, 10973, 11034, 11132, 11205, 11249, 11696, 11704, 11823, 12107, 12192, 12320, 12375, 12529, 12545, 12691, 13316, 13397, 13532, 13739, 13965, 14028, 14068, 14230, 14271, 14411, 14433, 14533
Color 35: 47, 243, 304, 428, 480, 651, 838, 965, 1136, 1228, 1346, 1510, 1566, 1695, 1890, 1965, 2027, 2140, 2214, 2334, 2408, 2653, 2736, 3050, 3123, 3256, 3386, 3527, 3643, 3921, 4063, 4148, 4278, 4350, 4532, 4638, 4855, 5086, 5153, 5382, 5404, 5551, 5615, 5629, 5803, 5923, 6013, 6258, 6297, 6445, 6501, 6616, 6692, 6819, 6910, 6945, 7064, 7205, 7301, 7407, 7499, 7603, 7823, 7952, 8029, 8143, 8292, 8469, 8586, 8644, 8714, 8843, 8993, 9029, 9160, 9322, 9436, 9489, 9536, 9676, 9760, 9851, 9913, 10158, 10201, 10294, 10540, 10546, 10636, 10678, 10744, 10860, 11101, 11154, 11415, 11483, 11524, 11594, 11755, 11832, 11834, 11950, 12014, 12124, 12205, 12318, 12343, 12535, 12663, 13550, 13566, 13677, 13772, 13975, 14091, 14145, 14227, 14366, 14664, 14720, 14833, 14843
Color 36: 3, 214, 313, 440, 503, 891, 935, 1105, 1263, 1374, 1529, 1631, 1710, 1882, 1938, 2050, 2126, 2243, 2331, 2366, 2441, 2667, 2755, 2966, 3138, 3176, 3392, 3467, 3622, 3683, 3968, 4079, 4136, 4238, 4273, 4377, 4385, 4492, 4821, 4926, 5272, 5396, 5398, 5532, 5592, 5868, 6111, 6261, 6306, 6518, 6659, 6717, 6778, 6966, 7025, 7204, 7264, 7342, 7421, 7496, 7815, 7984, 8433, 8519, 8612, 8764, 8954, 8983, 9080, 9104, 9187, 9307, 9446, 9492, 9560, 9649, 9731, 9814, 9857, 9993, 10233, 10344, 10438, 10523, 10554, 10622, 10699, 10774, 10808, 10856, 10880, 11109, 11150, 11218, 11291, 11463, 11553, 11735, 11972, 12106, 12141, 12228, 12235, 12384, 12474, 12930, 12946, 13006, 13140, 13146, 13309, 13553, 13685, 13787, 14228, 14315, 14378, 14403, 14672, 14682
Color 37: 105, 186, 324, 450, 620, 729, 847, 968, 1048, 1226, 1320, 1545, 1571, 1829, 1876, 1998, 2099, 2141, 2223, 2284, 2369, 2657, 2729, 2959, 3230, 3395, 3460, 3623, 3693, 3934, 4064, 4172, 4257, 4274, 4416, 4458, 4775, 4931, 5133, 5201, 5301, 5372, 5411, 5590, 5819, 5903, 5966, 6229, 6335, 6406, 6511, 6590, 6667, 6720, 6795, 6863, 6932, 7043, 7148, 7307, 7450, 7607, 7821, 7916, 8063, 8329, 8411, 8618, 8708, 8850, 9135, 9239, 9383, 9541, 9601, 9692, 9795, 10023, 10105, 10181, 10214, 10280, 10395, 10593, 10693, 10782, 10800, 10953, 11156, 11198, 11419, 11477, 11522, 11657, 11725, 11729, 11797, 12022, 12044, 12110, 12166, 12317, 12726, 12753, 13052, 13114, 13266, 13302, 13343, 13794, 14050, 14142, 14187, 14377, 14448, 14485, 14621
Color 38: 107, 193, 294, 460, 493, 638, 873, 983, 1199, 1361, 1455, 1682, 1830, 1901, 1978, 2187, 2233, 2286, 2388, 2672, 2725, 3045, 3104, 3313, 3640, 3732, 3961, 4096, 4185, 4236, 4310, 4372, 4444, 4467, 4811, 5108, 5208, 5376, 5403, 5558, 5576, 5700, 5869, 6037, 6265, 6429, 6523, 6591, 6671, 6741, 6785, 6849, 7145, 7292, 7297, 7412, 7484, 7703, 7787, 7895, 7988, 8030, 8174, 8391, 8405, 8536, 8602, 8712, 8923, 8997, 9033, 9161, 9233, 9308, 9399, 9527, 9562, 9656, 9987, 10091, 10204, 10384, 10500, 10555, 10783, 10858, 11073, 11168, 11232, 11256, 11472, 11484, 11599, 11606, 11670, 11803, 11887, 12047, 12670, 12693, 12880, 12907, 12956, 13017, 13118, 13376, 13419, 13472, 13669, 13701, 13797, 13879, 14138, 14344, 14452, 14561, 14809
Color 39: 101, 185, 296, 427, 601, 878, 990, 1054, 1227, 1318, 1543, 1550, 1879, 1927, 2030, 2164, 2209, 2267, 2386, 2691, 3049, 3103, 3233, 3411, 3601, 3704, 3963, 4018, 4375, 4401, 4939, 5131, 5166, 5285, 5377, 5470, 5546, 5572, 5738, 5791, 5876, 6284, 6448, 6480, 6594, 6686, 6833, 6876, 6938, 7007, 7057, 7186, 7257, 7303, 7397, 7858, 8041, 8151, 8394, 8583, 8689, 8795, 8822, 8914, 9015, 9053, 9182, 9337, 9423, 9498, 9572, 9616, 9685, 9742, 9783, 9842, 9990, 10071, 10143, 10200, 10281, 10391, 10441, 10467, 10541, 10613, 10710, 10757, 10837, 10897, 11082, 11221, 11535, 11738, 11967, 12081, 12175, 12534, 12657, 12728, 12752, 13034, 13214, 13538, 13557, 13615, 13648, 13828, 14059, 14143, 14223, 14451, 14597, 14654, 14676
Color 40: 132, 236, 367, 439, 588, 812, 914, 1044, 1255, 1316, 1477, 1658, 1799, 1861, 1951, 2079, 2252, 2308, 2362, 2609, 2767, 3010, 3106, 3287, 3374, 3599, 3676, 4100, 4165, 4219, 4281, 4352, 4434, 4496, 4818, 4915, 5141, 5218, 5295, 5324, 5418, 5510, 5573, 5698, 5786, 5898, 6289, 6393, 6459, 6557, 6722, 6954, 6975, 7080, 7294, 7340, 7388, 7512, 7857, 7889, 8203, 8355, 8453, 8603, 8881, 8930, 9000, 9070, 9097, 9273, 9391, 9689, 9741, 9753, 9860, 10036, 10045, 10161, 10237, 10366, 10436, 10487, 10507, 10634, 10682, 10821, 10845, 10920, 10937, 11160, 11305, 11505, 11588, 11815, 11895, 11971, 12057, 12109, 12229, 12389, 12926, 13031, 13105, 13334, 13455, 13691, 13707, 13854, 13883, 13902, 13933, 13991, 14563, 14746, 14794
Color 41: 114, 204, 309, 410, 573, 894, 967, 1167, 1186, 1303, 1512, 1642, 1769, 1851, 1928, 2061, 2182, 2222, 2328, 2364, 2617, 2779, 3121, 3260, 3311, 3609, 3647, 4036, 4189, 4222, 4417, 4469, 4766, 5128, 5189, 5299, 5357, 5466, 5613, 5645, 5866, 5976, 6283, 6348, 6508, 6617, 6662, 6710, 6793, 6879, 7033, 7083, 7214, 7528, 7831, 7904, 8080, 8160, 8390, 8531, 8633, 8675, 8784, 8894, 8943, 9017, 9045, 9342, 9384, 9500, 9529, 9606, 9642, 9728, 9769, 9839, 10135, 10194, 10261, 10355, 10445, 10543, 10655, 10671, 10862, 10910, 10970, 11252, 11503, 11613, 11685, 11713, 11748, 11868, 11991, 12120, 12224, 12254, 12554, 12595, 12652, 12910, 13128, 13243, 13303, 13329, 13415, 13666, 13716, 13763, 13818, 14175, 14389, 14594, 14743, 14840
Color 42: 43, 224, 292, 415, 494, 678, 921, 1135, 1265, 1329, 1427, 1662, 1838, 1913, 2005, 2024, 2129, 2203, 2288, 2409, 2683, 2784, 2895, 3125, 3242, 3628, 3648, 3931, 4025, 4144, 4233, 4277, 4338, 4514, 4799, 4868, 5113, 5274, 5329, 5480, 5512, 5671, 5772, 5843, 5948, 6223, 6336, 6462, 6604, 6626, 6693, 6893, 7357, 7532, 7565, 7898, 7954, 8076, 8703, 8720, 8901, 8947, 9036, 9114, 9338, 9467, 9612, 9660, 9698, 9861, 10021, 10049, 10156, 10308, 10345, 10449, 10558, 10654, 10792, 10831, 10904, 10958, 10999, 11092, 11120, 11298, 11504, 11563, 11674, 11726, 11824, 11976, 12046, 12197, 12214, 12237, 12566, 12653, 13049, 13069, 13119, 13221, 13336, 13424, 13618, 13646, 13693, 13791, 13885, 13952, 14190, 14232, 14374, 14562, 14645, 14695, 14800
Color 43: 19, 239, 392, 400, 491, 875, 960, 1132, 1202, 1326, 1526, 1689, 1742, 1878, 1975, 2093, 2165, 2227, 2292, 2349, 2630, 3054, 3100, 3259, 3318, 3642, 3698, 3967, 4157, 4207, 4266, 4365, 4439, 4536, 4798, 4856, 5094, 5181, 5260, 5361, 5462, 5552, 5580, 5758, 5785, 5865, 6052, 6225, 6327, 6436, 6489, 6664, 6716, 6803, 6914, 6967, 6992, 7104, 7128, 7262, 7479, 7560, 7814, 7902, 7966, 8153, 8257, 8402, 8526, 8643, 8716, 8915, 9128, 9202, 9381, 9468, 9546, 9691, 9709, 9787, 10218, 10396, 10457, 10490, 10529, 10572, 10648, 10694, 10801, 10864, 10912, 10974, 11444, 11691, 11737, 11863, 11994, 12249, 12365, 12435, 12519, 12542, 12607, 12733, 12838, 13022, 13137, 13338, 13359, 13469, 13659, 13788, 13993, 14026, 14085, 14147, 14635, 14757, 14815
Color 44: 119, 182, 311, 432, 520, 839, 1000, 1152, 1193, 1392, 1483, 1580, 1848, 1866, 1988, 2103, 2123, 2240, 2304, 2368, 2471, 2675, 2783, 3016, 3113, 3172, 3325, 3655, 3907, 3995, 4066, 4186, 4237, 4279, 4379, 4445, 4501, 4751, 4898, 5024, 5089, 5332, 5401, 5534, 5693, 5801, 5926, 6010, 6271, 6325, 6478, 6619, 6637, 6903, 6948, 7008, 7074, 7288, 7341, 7462, 7487, 7796, 7950, 8173, 8438, 8521, 8696, 8725, 9016, 9078, 9131, 9184, 9245, 9373, 9398, 9462, 9590, 9648, 9792, 9834, 9899, 10025, 10048, 10182, 10225, 10332, 10357, 10492, 10589, 10752, 10857, 11114, 11179, 11283, 11396, 11512, 11623, 11717, 11843, 12001, 12073, 12095, 12347, 12440, 12633, 13235, 13337, 13471, 13552, 13670, 13695, 13958, 14051, 14088, 14369, 14387, 14595, 14600, 14638, 14647
Color 45: 167, 252, 293, 401, 603, 740, 857, 999, 1174, 1360, 1544, 1795, 1885, 2007, 2102, 2151, 2202, 2335, 2457, 2658, 2901, 3118, 3355, 3437, 3596, 3684, 3857, 3951, 4051, 4146, 4228, 4285, 4321, 4402, 4756, 4862, 5065, 5135, 5160, 5288, 5339, 5449, 5509, 5575, 5825, 5916, 5977, 6277, 6286, 6430, 6575, 6675, 6694, 6779, 6866, 6958, 7069, 7255, 7308, 7478, 7575, 7646, 7825, 7923, 7953, 8168, 8408, 8661, 8704, 8744, 8951, 9172, 9263, 9362, 9552, 9843, 9939, 10024, 10079, 10169, 10230, 10283, 10393, 10459, 10542, 10625, 10833, 10892, 11031, 11117, 11287, 11386, 11510, 11575, 11707, 11762, 11798, 11937, 12090, 12159, 12233, 12253, 12291, 12432, 12461, 12747, 12830, 12917, 12962, 13042, 13143, 13505, 13690, 13917, 13937, 14089, 14193, 14283, 14340, 14596, 14799
Color 46: 272, 357, 447, 537, 685, 901, 949, 1281, 1384, 1408, 1670, 1790, 1883, 1991, 2060, 2160, 2229, 2300, 2373, 2676, 2743, 3013, 3126, 3248, 3404, 3641, 3692, 4012, 4019, 4188, 4240, 4296, 4358, 4478, 4643, 4720, 4911, 5051, 5090, 5194, 5303, 5331, 5468, 5517, 5611, 5641, 5760, 5931, 6014, 6186, 6204, 6493, 6562, 6625, 6767, 6845, 6858, 6950, 7002, 7109, 7176, 7242, 7305, 7413, 7586, 7891, 7980, 8023, 8384, 8485, 8522, 8613, 8780, 9148, 9221, 9252, 9416, 9528, 9591, 9662, 9736, 9800, 10108, 10266, 10314, 10362, 10521, 10575, 10612, 10696, 10812, 10997, 11074, 11161, 11272, 11337, 11445, 11490, 11516, 11693, 11722, 12217, 12246, 12450, 12495, 12706, 13132, 13296, 13317, 13533, 13577, 13661, 13733, 13760, 14038, 14163, 14373, 14764, 14792, 14802
Color 47: 276, 393, 409, 563, 885, 959, 1244, 1340, 1452, 1555, 1735, 1898, 2016, 2067, 2143, 2212, 2263, 2363, 2590, 2737, 2929, 3062, 3080, 3331, 3452, 3620, 3711, 3843, 3975, 4035, 4162, 4216, 4263, 4342, 4449, 4456, 5134, 5193, 5330, 5437, 5529, 5600, 5688, 5827, 5949, 6175, 6293, 6412, 6526, 6608, 6681, 6763, 6781, 6913, 6963, 6995, 7073, 7221, 7486, 7570, 7905, 7945, 8025, 8262, 8387, 8555, 8735, 8867, 8960, 9010, 9052, 9134, 9232, 9382, 9630, 9666, 9743, 9824, 10003, 10150, 10210, 10320, 10376, 10503, 10524, 10740, 10823, 10876, 10977, 11022, 11175, 11178, 11451, 11557, 11709, 11934, 12011, 12108, 12191, 12218, 12295, 12364, 12449, 12637, 12772, 12923, 13099, 13251, 13298, 13542, 13738, 13876, 14040, 14144, 14158, 14198, 14236, 14401, 14684
Color 48: 234, 327, 395, 505, 657, 853, 995, 1312, 1469, 1608, 1819, 1850, 2012, 2098, 2154, 2208, 2303, 2375, 2636, 3069, 3099, 3345, 3632, 3670, 3883, 3933, 4087, 4166, 4202, 4282, 4366, 4415, 4507, 4672, 4791, 4869, 5138, 5281, 5309, 5471, 5554, 5577, 5833, 6022, 6127, 6262, 6303, 6346, 6530, 6582, 6816, 6857, 6996, 7046, 7289, 7324, 7466, 7521, 7786, 7992, 8071, 8478, 8559, 8660, 8679, 8760, 8839, 8980, 9048, 9139, 9191, 9267, 9563, 9584, 9725, 9849, 9977, 10053, 10258, 10324, 10373, 10656, 10797, 10849, 10909, 10949, 11037, 11400, 11582, 11660, 11730, 11911, 11993, 12053, 12086, 12268, 12325, 12416, 12426, 12727, 12820, 13063, 13210, 13297, 13322, 13406, 13507, 13551, 13654, 13692, 13809, 14052, 14253, 14428, 14553, 14602, 14803
Color 49: 227, 384, 434, 617, 850, 958, 1171, 1353, 1487, 1652, 1702, 1939, 2081, 2198, 2238, 2274, 2370, 2535, 2650, 2740, 3055, 3144, 3297, 3686, 3917, 4011, 4068, 4149, 4197, 4276, 4339, 4425, 4526, 4757, 4910, 5145, 5175, 5264, 5385, 5441, 5494, 5565, 5720, 5792, 5925, 6311, 6384, 6488, 6568, 6622, 6757, 6818, 6940, 7035, 7049, 7283, 7298, 7351, 7873, 8032, 8388, 8409, 8622, 8681, 8755, 8981, 9149, 9309, 9538, 9622, 9665, 9711, 10015, 10077, 10119, 10257, 10306, 10471, 10533, 10592, 10630, 10705, 10869, 10898, 11079, 11324, 11543, 11592, 11745, 11806, 11984, 12091, 12189, 12231, 12258, 12428, 12742, 12903, 13016, 13200, 13261, 13365, 13417, 13529, 13642, 13826, 14000, 14262, 14291, 14375, 14421, 14437, 14450, 14548, 14611, 14612
Color 50: 266, 380, 416, 529, 629, 867, 934, 1236, 1304, 1482, 1677, 1899, 1994, 2043, 2162, 2244, 2282, 2355, 2641, 2798, 3038, 3086, 3380, 3589, 3624, 3722, 4010, 4133, 4255, 4283, 4344, 4381, 4739, 4884, 5085, 5223, 5289, 5371, 5407, 5504, 5596, 5805, 5885, 6290, 6431, 6614, 6636, 6745, 6823, 6902, 6969, 7037, 7100, 7122, 7258, 7311, 7408, 7599, 7840, 7908, 8472, 8509, 9046, 9126, 9224, 9358, 9421, 9551, 9613, 9645, 9863, 9979, 10100, 10121, 10282, 10312, 10339, 10365, 10424, 10462, 10538, 10698, 10822, 10832, 10988, 11032, 11086, 11137, 11207, 11398, 11545, 11555, 11666, 11712, 11977, 12042, 12099, 12209, 12262, 12758, 13136, 13269, 13381, 13454, 13520, 13581, 13622, 13894, 13945, 14343, 14472, 14558, 14608
Color 51: 255, 334, 414, 562, 876, 986, 1294, 1388, 1424, 1668, 1860, 1961, 2041, 2142, 2241, 2277, 2391, 2579, 2637, 2791, 2963, 3141, 3360, 3637, 3667, 3991, 4033, 4187, 4305, 4351, 4410, 4487, 4796, 4893, 5092, 5241, 5266, 5379, 5435, 5523, 5583, 5735, 5788, 5993, 6207, 6294, 6408, 6473, 6612, 6683, 6754, 6844, 6953, 7000, 7180, 7302, 7438, 7526, 7579, 7765, 7928, 8024, 8419, 8616, 8676, 8768, 8903, 9081, 9201, 9333, 9586, 9650, 9986, 10166, 10226, 10273, 10321, 10346, 10414, 10479, 10525, 10640, 10672, 10784, 10866, 10888, 11026, 11481, 11568, 11728, 11732, 11839, 12139, 12203, 12236, 12539, 12686, 13028, 13089, 13273, 13461, 13504, 13645, 13742, 13851, 13891, 13938, 14105, 14130, 14245, 14439, 14441, 14569
Color 52: 240, 306, 444, 618, 897, 919, 1282, 1386, 1464, 1559, 1780, 1867, 1930, 2072, 2194, 2211, 2330, 2377, 2593, 2777, 3400, 3595, 3666, 3948, 4092, 4163, 4220, 4313, 4347, 4398, 4495, 4726, 5097, 5261, 5461, 5506, 5581, 5637, 5779, 5880, 5943, 6243, 6529, 6567, 6649, 6746, 6825, 6865, 7016, 7209, 7241, 7442, 7522, 7573, 7909, 7960, 8083, 8351, 8430, 8568, 8688, 8730, 8996, 9065, 9119, 9215, 9573, 9595, 9678, 9748, 9862, 10008, 10098, 10167, 10310, 10350, 10381, 10478, 10519, 10709, 10750, 10786, 11000, 11144, 11227, 11276, 11547, 11677, 11723, 11744, 11881, 11928, 12104, 12130, 12372, 12444, 12546, 12717, 12756, 12900, 12951, 13116, 13333, 13394, 13534, 13694, 13884, 13928, 13962, 14004, 14503, 14630, 14842
Color 53: 79, 187, 348, 451, 506, 834, 940, 1020, 1285, 1351, 1457, 1551, 1824, 1973, 2057, 2116, 2255, 2260, 2406, 2644, 2773, 3052, 3082, 3278, 3405, 3612, 4167, 4215, 4264, 4348, 4472, 4804, 5114, 5185, 5273, 5341, 5473, 5535, 5588, 5674, 5836, 5877, 5965, 6212, 6288, 6371, 6472, 6553, 6655, 6743, 6964, 6974, 7103, 7277, 7335, 7401, 7611, 7849, 8070, 8136, 8333, 8479, 8510, 8684, 8878, 8938, 9152, 9189, 9226, 9311, 9445, 9497, 9637, 9747, 9770, 10020, 10062, 10107, 10232, 10411, 10498, 10615, 10798, 10840, 11029, 11494, 11537, 11573, 11665, 12016, 12051, 12084, 12133, 12169, 12244, 12380, 12543, 12660, 13058, 13067, 13138, 13380, 13468, 13547, 13675, 13700, 13856, 13910, 13932, 14146, 14181, 14335, 14402, 14482, 14571, 14688
Color 54: 144, 263, 298, 448, 600, 671, 902, 915, 1151, 1215, 1323, 1417, 1674, 1725, 1895, 2008, 2104, 2128, 2215, 2305, 2374, 2663, 2687, 3208, 3301, 3602, 3726, 3942, 4176, 4226, 4319, 4388, 4489, 4716, 4852, 4987, 5154, 5269, 5383, 5508, 5742, 5796, 5940, 6216, 6296, 6388, 6586, 6631, 6828, 6908, 7042, 7110, 7207, 7238, 7309, 7506, 7807, 7925, 7990, 8062, 8368, 8538, 8665, 8733, 8893, 9084, 9112, 9220, 9223, 9367, 9564, 9693, 9718, 10238, 10292, 10337, 10379, 10488, 10510, 10582, 10673, 10759, 10806, 10850, 11019, 11155, 11206, 11248, 11506, 11508, 11576, 11767, 11772, 11848, 11959, 12058, 12267, 12282, 12355, 12392, 12453, 12560, 13019, 13051, 13271, 13280, 13477, 13601, 13808, 13831, 13870, 13935, 14056, 14156, 14446
Color 55: 145, 220, 299, 464, 518, 808, 836, 989, 1158, 1275, 1325, 1405, 1552, 1705, 1902, 1958, 2059, 2161, 2340, 2354, 2610, 2778, 2894, 2993, 3309, 3644, 3699, 4072, 4132, 4231, 4294, 4322, 4405, 4525, 4686, 4774, 5109, 5176, 5354, 5452, 5556, 5619, 5663, 5782, 6001, 6222, 6287, 6471, 6561, 6665, 6701, 6789, 7022, 7058, 7177, 7267, 7344, 7374, 7590, 7855, 7881, 8233, 8344, 8420, 8672, 8685, 8734, 8853, 8919, 9005, 9039, 9175, 9301, 9505, 9745, 9956, 10090, 10173, 10259, 10348, 10385, 10428, 10657, 10863, 11250, 11404, 11485, 11628, 11742, 11888, 12054, 12187, 12287, 12359, 12412, 12541, 12708, 12925, 13109, 13291, 13362, 13497, 13537, 13609, 13681, 13727, 13838, 13895, 13956, 14023, 14345, 14385, 14591, 14680, 14693, 14752, 14793
Color 56: 151, 228, 363, 397, 528, 831, 996, 1146, 1278, 1331, 1488, 1783, 1865, 2009, 2082, 2179, 2237, 2287, 2367, 2627, 2694, 2814, 3000, 3078, 3286, 3300, 3627, 3665, 3924, 4073, 4200, 4314, 4378, 4421, 4530, 4692, 4794, 4826, 5202, 5457, 5526, 5582, 5726, 5766, 5992, 6247, 6317, 6435, 6551, 6639, 6736, 6784, 7076, 7141, 7278, 7349, 7609, 7890, 7959, 8075, 8222, 8339, 8435, 8593, 8690, 8826, 8917, 9044, 9219, 9375, 9625, 9657, 9722, 9778, 9827, 9999, 10172, 10239, 10372, 10430, 10545, 10586, 10614, 10726, 10802, 10981, 11035, 11081, 11425, 11499, 11694, 11749, 11891, 12062, 12360, 12558, 12630, 12714, 12931, 12993, 13041, 13270, 13447, 13556, 13732, 13786, 14022, 14042, 14194, 14215, 14339, 14475, 14488, 14570, 14812, 14837
Color 57: 89, 275, 328, 446, 497, 818, 945, 1079, 1279, 1332, 1519, 1673, 1749, 1918, 1953, 2038, 2199, 2232, 2329, 2351, 2612, 2719, 2805, 3002, 3116, 3272, 3348, 3593, 4062, 4182, 4199, 4301, 4353, 4435, 4546, 4567, 4908, 5014, 5116, 5169, 5270, 5518, 5625, 5828, 5857, 5979, 6215, 6338, 6383, 6564, 6654, 6766, 6808, 6887, 7028, 7097, 7256, 7345, 7418, 7561, 7801, 7922, 7967, 8061, 8304, 8347, 8457, 8546, 8654, 8715, 8897, 9051, 9278, 9403, 9475, 9632, 9672, 9702, 9757, 9826, 9976, 10061, 10129, 10347, 10399, 10528, 10917, 11009, 11113, 11295, 11446, 11587, 11646, 11746, 11930, 12006, 12111, 12184, 12613, 12651, 12991, 13326, 13400, 13501, 13589, 13600, 13672, 13718, 13737, 13762, 13893, 13898, 14134, 14246, 14337, 14480, 14499, 14592
Color 58: 150, 209, 333, 466, 477, 844, 941, 1042, 1179, 1389, 1495, 1628, 1770, 1897, 1971, 2196, 2236, 2317, 2384, 2655, 2720, 2882, 2998, 3151, 3394, 3638, 3731, 4001, 4083, 4241, 4304, 4373, 4396, 4558, 4693, 4743, 4839, 4940, 5120, 5302, 5347, 5474, 5527, 5617, 5659, 5764, 5921, 5981, 6188, 6295, 6421, 6458, 6792, 7032, 7114, 7202, 7245, 7378, 7533, 7629, 7797, 7941, 8017, 8300, 8373, 8404, 8657, 8738, 8847, 9034, 9199, 9355, 9412, 9543, 9597, 9706, 9853, 9942, 10012, 10069, 10180, 10335, 10398, 10440, 10461, 10676, 10818, 10827, 10943, 11299, 11450, 11579, 11655, 11773, 11855, 12056, 12094, 12112, 12259, 12402, 12667, 12743, 12889, 12932, 12955, 13108, 13509, 13554, 13599, 13621, 13660, 13671, 13753, 13837, 13840, 14376, 14417, 14687
Color 59: 141, 219, 351, 420, 561, 900, 961, 1031, 1185, 1382, 1458, 1620, 1714, 1889, 1997, 2111, 2119, 2324, 2411, 2648, 2764, 2947, 3009, 3129, 3204, 3383, 3606, 3753, 3998, 4052, 4151, 4270, 4359, 4382, 4619, 4917, 4951, 5122, 5275, 5433, 5503, 5607, 5680, 5806, 5920, 6006, 6214, 6341, 6365, 6519, 6585, 6644, 6774, 7038, 7086, 7252, 7346, 7415, 7527, 7620, 7865, 7877, 8010, 8087, 8256, 8343, 8484, 8537, 8658, 8710, 8766, 8871, 8924, 9024, 9150, 9163, 9238, 9306, 9385, 9461, 9565, 9617, 9670, 10086, 10389, 10539, 10596, 10734, 10803, 10878, 11004, 11049, 11149, 11289, 11339, 11488, 11794, 11903, 12067, 12256, 12338, 12441, 12511, 12538, 12843, 13072, 13139, 13582, 13696, 13752, 13890, 14011, 14148, 14453, 14603, 14679, 14717
Color 60: 127, 254, 355, 443, 539, 879, 944, 1112, 1191, 1354, 1498, 1598, 1775, 1908, 1946, 2022, 2193, 2332, 2419, 2520, 2621, 2813, 3044, 3087, 3246, 3362, 3611, 3680, 3820, 3989, 4032, 4127, 4195, 4315, 4334, 4407, 4468, 4761, 4828, 5297, 5316, 5440, 5492, 5701, 5814, 5944, 6167, 6252, 6331, 6374, 6491, 6576, 6684, 6839, 7212, 7236, 7313, 7375, 7535, 7574, 7850, 7884, 8027, 8376, 8697, 8721, 8876, 8953, 9058, 9325, 9483, 9549, 9610, 9681, 9729, 9755, 9844, 9872, 10082, 10262, 10359, 10429, 10594, 10623, 10923, 10998, 11127, 11217, 11257, 11428, 11476, 11541, 11597, 11673, 11736, 12078, 12105, 12136, 12178, 12269, 12420, 12557, 12982, 13044, 13443, 13570, 13748, 13767, 13814, 14021, 14097, 14199, 14206, 14240, 14269, 14584, 14598, 14624, 14781
Color 61: 111, 206, 326, 396, 572, 822, 1001, 1072, 1219, 1302, 1663, 1803, 1893, 1925, 2062, 2173, 2318, 2413, 2508, 2624, 2787, 2890, 3034, 3083, 3245, 3302, 3842, 3943, 4160, 4203, 4317, 4363, 4618, 4782, 4885, 4998, 5083, 5157, 5282, 5375, 5400, 5542, 5603, 5672, 5761, 6016, 6249, 6315, 6615, 6638, 6697, 6776, 6909, 6984, 7055, 7166, 7322, 7776, 7874, 7971, 8072, 8189, 8342, 8423, 8524, 8705, 8789, 8823, 9077, 9110, 9180, 9365, 9380, 9631, 9674, 9710, 9790, 9829, 9892, 10102, 10124, 10231, 10383, 10486, 10509, 10663, 10712, 10942, 11020, 11105, 11548, 11558, 11757, 11846, 11966, 12193, 12276, 12307, 12510, 12571, 12713, 12800, 12960, 13141, 13284, 13548, 13564, 13773, 13824, 13832, 14005, 14090, 14231, 14241, 14276, 14324, 14501, 14574, 14632, 14767
Color 62: 117, 229, 386, 463, 544, 627, 898, 966, 1078, 1240, 1379, 1623, 1693, 1871, 1934, 2169, 2341, 2401, 2503, 2647, 2704, 2924, 3024, 3124, 3199, 3391, 3483, 3659, 3900, 4005, 4053, 4190, 4245, 4299, 4367, 4442, 4486, 4637, 4725, 4832, 4965, 5093, 5165, 5256, 5307, 5459, 5559, 5626, 5733, 5860, 5946, 6363, 6544, 6578, 6711, 6817, 6915, 6981, 7155, 7331, 7391, 7476, 7617, 7845, 7915, 8001, 8157, 8237, 8397, 8520, 8701, 8787, 8813, 9018, 9086, 9229, 9402, 9453, 9794, 9865, 9915, 9988, 10333, 10453, 10464, 10515, 10588, 10703, 10746, 10795, 10989, 11043, 11141, 11185, 11315, 11449, 11511, 11607, 11781, 11897, 12144, 12457, 12504, 12533, 12905, 13047, 13196, 13340, 13366, 13391, 13457, 13574, 13611, 13687, 13904, 13927, 13992, 14282, 14351, 14447, 14769, 14828
Color 63: 136, 259, 318, 452, 488, 745, 872, 972, 1088, 1258, 1336, 1412, 1681, 1843, 1916, 1950, 2107, 2180, 2280, 2352, 2500, 2606, 2772, 2864, 2975, 3142, 3158, 3341, 3433, 3657, 3810, 4014, 4080, 4139, 4239, 4411, 4502, 4657, 4773, 5066, 5286, 5345, 5413, 5593, 5704, 5773, 5892, 5945, 6112, 6218, 6321, 6375, 6593, 6700, 6827, 6877, 7081, 7187, 7248, 7334, 7451, 7596, 7681, 7844, 7887, 8058, 8144, 8232, 8596, 8707, 8777, 8834, 9020, 9066, 9095, 9213, 9494, 9633, 9669, 9730, 9758, 9948, 10027, 10120, 10251, 10286, 10361, 10413, 10489, 10518, 10595, 10641, 10670, 10825, 11057, 11365, 11500, 11525, 11610, 11945, 12050, 12080, 12232, 12367, 12383, 12732, 13218, 13310, 13346, 13911, 13967, 13986, 14034, 14087, 14195, 14226, 14422, 14463, 14502, 14586, 14656
Color 64: 29, 175, 354, 412, 523, 797, 868, 924, 1121, 1230, 1376, 1537, 1564, 1760, 1894, 2003, 2106, 2311, 2418, 2571, 2629, 2727, 2825, 2974, 3084, 3206, 3349, 3517, 3742, 3758, 4121, 4170, 4272, 4370, 4383, 4457, 4649, 4762, 5035, 5229, 5290, 5393, 5557, 5606, 5675, 5802, 5840, 6079, 6272, 6333, 6411, 6525, 6846, 6917, 7041, 7063, 7275, 7347, 7497, 7661, 7927, 7931, 8198, 8252, 8378, 8461, 8551, 8636, 8747, 8882, 8931, 9003, 9047, 9140, 9190, 9272, 9316, 9435, 9474, 9567, 9587, 9652, 9705, 9866, 9885, 10190, 10284, 10401, 10418, 10548, 10645, 10882, 11193, 11286, 11371, 11562, 11690, 11799, 12045, 12083, 12113, 12354, 12537, 12774, 12885, 12943, 13083, 13117, 13228, 13576, 13800, 13833, 13877, 13997, 14055, 14140, 14346, 14690, 14721
Color 65: 142, 248, 316, 438, 496, 712, 904, 946, 1015, 1225, 1335, 1407, 1691, 1784, 1903, 2010, 2105, 2146, 2266, 2389, 2486, 2679, 2703, 2934, 3004, 3264, 3367, 3737, 3809, 3928, 4065, 4129, 4201, 4302, 4376, 4448, 4508, 4656, 4759, 4871, 5075, 5151, 5210, 5352, 5467, 5511, 5609, 5807, 5986, 6263, 6340, 6364, 6531, 6661, 6706, 6813, 7013, 7098, 7116, 7268, 7403, 7539, 7724, 7885, 7970, 8079, 8113, 8218, 8395, 8473, 8561, 8606, 8717, 8883, 8974, 8984, 9091, 9113, 9166, 9346, 9488, 9596, 9673, 9858, 9877, 10380, 10420, 10725, 10819, 11013, 11070, 11307, 11436, 11515, 11678, 11741, 11862, 11979, 12076, 12227, 12512, 12579, 12644, 12806, 12924, 13152, 13300, 13353, 13369, 13465, 13575, 13699, 13804, 13827, 13909, 14197, 14320, 14364
Color 66: 96, 201, 330, 413, 534, 761, 862, 984, 1023, 1251, 1394, 1549, 1667, 1717, 1859, 1974, 2032, 2120, 2291, 2412, 2429, 2678, 2750, 2862, 3051, 3120, 3276, 3339, 3531, 3705, 3769, 4112, 4183, 4259, 4380, 4426, 4535, 4617, 4844, 5091, 5293, 5456, 5612, 5831, 5908, 6017, 6124, 6268, 6308, 6434, 6460, 6646, 6755, 6856, 6979, 7059, 7160, 7251, 7328, 7493, 7674, 7803, 8049, 8125, 8470, 8601, 8713, 8890, 8934, 9006, 9059, 9151, 9294, 9310, 9459, 9556, 9687, 9847, 9920, 10033, 10065, 10162, 10392, 10437, 10639, 10713, 10828, 10905, 10940, 11169, 11443, 11489, 11534, 11682, 11765, 11845, 12211, 12382, 12615, 12625, 12757, 12928, 12999, 13178, 13383, 13480, 13623, 13668, 13706, 13847, 13888, 13999, 14347, 14418, 14733
Color 67: 72, 172, 371, 442, 557, 643, 991, 1009, 1229, 1308, 1505, 1611, 1707, 1863, 1957, 2046, 2155, 2397, 2533, 2680, 2726, 2899, 3063, 3122, 3225, 3382, 3579, 3664, 3818, 4042, 4143, 4250, 4298, 4432, 4605, 4787, 4863, 4989, 5149, 5304, 5350, 5476, 5520, 5620, 5739, 5829, 5905, 5985, 6053, 6320, 6352, 6536, 6570, 6640, 6732, 6921, 6985, 7053, 7282, 7329, 7392, 7692, 7780, 8096, 8437, 8641, 8902, 8916, 8994, 9069, 9144, 9181, 9283, 9499, 9582, 9696, 9998, 10141, 10556, 10665, 10868, 10879, 10933, 10993, 11580, 11676, 11828, 11998, 12059, 12252, 12333, 12403, 12707, 12750, 13185, 13238, 13299, 13517, 13569, 13617, 13688, 13741, 13805, 13920, 14084, 14149, 14151, 14185, 14250, 14436, 14572, 14633, 14816
Color 68: 140, 195, 387, 408, 593, 752, 889, 948, 1138, 1173, 1365, 1433, 1607, 1744, 1868, 1954, 2094, 2127, 2400, 2464, 2656, 2730, 2807, 3011, 3133, 3255, 3322, 3564, 3679, 3760, 3999, 4082, 4235, 4333, 4418, 4481, 4684, 4723, 4904, 5047, 5102, 5300, 5342, 5436, 5601, 5834, 5867, 5978, 6116, 6326, 6532, 6618, 6647, 6712, 6820, 6925, 7026, 7213, 7332, 7425, 7504, 7820, 7929, 8318, 8415, 8530, 8605, 9001, 9186, 9264, 9328, 9452, 9577, 9697, 9734, 9876, 10207, 10599, 10662, 10700, 10719, 10861, 10969, 10994, 11102, 11158, 11343, 11399, 11479, 11750, 11787, 12049, 12196, 12215, 12263, 12297, 12369, 12452, 12583, 12734, 13113, 13306, 13332, 13528, 13715, 13998, 14024, 14049, 14420, 14478, 14604, 14766
Color 69: 168, 205, 335, 417, 498, 742, 856, 938, 1060, 1269, 1377, 1430, 1640, 1715, 1864, 1996, 2036, 2157, 2262, 2416, 2525, 2639, 2696, 2833, 3003, 3092, 3268, 3350, 3500, 3656, 3850, 3919, 4150, 4261, 4323, 4428, 4460, 4603, 4838, 5132, 5363, 5679, 5841, 6027, 6323, 6428, 6533, 6595, 6627, 6840, 6916, 7060, 7218, 7688, 7789, 7919, 8052, 8110, 8299, 8444, 8904, 9094, 9157, 9378, 9558, 9638, 9750, 9763, 9918, 10234, 10291, 10377, 10434, 10466, 10600, 10685, 10718, 10791, 10834, 10951, 11211, 11261, 11658, 11740, 11804, 11879, 11985, 12012, 12202, 12219, 12270, 12445, 12645, 12700, 12965, 13001, 13053, 13194, 13220, 13510, 13665, 13723, 13770, 14081, 14141, 14222, 14268, 14350, 14564, 14606, 14789, 14836
Color 70: 1, 265, 312, 558, 677, 880, 955, 1089, 1235, 1359, 1531, 1661, 1757, 1853, 1932, 2020, 2171, 2289, 2407, 2592, 2866, 3057, 3074, 3387, 3485, 3708, 3861, 4104, 4156, 4208, 4395, 4541, 4750, 4872, 4972, 5130, 5255, 5322, 5450, 5560, 5614, 5730, 5820, 5871, 6046, 6334, 6400, 6630, 6708, 6842, 6989, 7066, 7230, 7293, 7296, 7707, 7785, 7906, 8275, 8523, 8629, 8829, 9022, 9040, 9093, 9193, 9406, 9561, 9688, 9739, 10083, 10476, 10616, 10708, 10785, 10843, 10881, 11115, 11556, 11699, 11973, 11995, 12121, 12176, 12409, 12503, 12581, 12721, 12849, 12927, 12978, 13330, 13373, 13496, 13561, 13636, 13667, 13747, 13899, 13946, 14128, 14229, 14318, 14454, 14575, 14609, 14634, 14722
Color 71: 91, 177, 388, 403, 469, 702, 918, 1045, 1266, 1339, 1420, 1569, 1754, 1856, 2017, 2084, 2114, 2281, 2359, 2492, 2738, 2915, 3085, 3446, 3723, 3882, 3954, 4060, 4131, 4223, 4436, 4465, 4878, 4941, 5344, 5469, 5531, 5653, 5787, 5870, 5997, 6318, 6343, 6482, 6728, 6986, 7105, 7287, 7458, 7754, 7788, 7892, 8020, 8147, 8424, 8824, 8905, 8999, 9088, 9169, 9246, 9426, 9579, 9677, 9726, 9954, 10016, 10147, 10211, 10297, 10351, 10650, 10683, 11036, 11164, 11216, 11417, 11509, 11700, 11974, 12182, 12222, 12277, 12703, 12736, 12777, 12832, 12970, 13074, 13363, 13476, 13488, 13628, 13657, 13764, 13934, 13978, 14120, 14233, 14409, 14474, 14556, 14565, 14585, 14758
Color 72: 9, 197, 343, 394, 580, 652, 830, 947, 1289, 1337, 1445, 1609, 1816, 1949, 2078, 2121, 2276, 2395, 2540, 2631, 2781, 2922, 3143, 3220, 3338, 3585, 3671, 3761, 3976, 4159, 4443, 4491, 4627, 4767, 5025, 5306, 5481, 5537, 5623, 5725, 5994, 6088, 6280, 6537, 6571, 6651, 6765, 6809, 7001, 7070, 7270, 7327, 7470, 7524, 7668, 7901, 8161, 8483, 8562, 8604, 8802, 8933, 9090, 9137, 9216, 9249, 9347, 9530, 9712, 9762, 9837, 9930, 10084, 10299, 10400, 10637, 10697, 10762, 10847, 10960, 11010, 11060, 11163, 11687, 11852, 12026, 12195, 12234, 12373, 12516, 12649, 12672, 12744, 13135, 13361, 13458, 13722, 13731, 14186, 14273, 14382, 14504, 14583, 14620
Color 73: 87, 271, 297, 405, 489, 731, 815, 953, 1007, 1172, 1338, 1400, 1602, 1802, 2045, 2201, 2346, 2449, 2652, 2831, 3058, 3088, 3283, 3427, 3739, 3898, 3949, 4258, 4482, 4722, 4836, 5061, 5121, 5172, 5368, 5448, 5514, 5571, 5715, 5835, 5933, 6033, 6131, 6328, 6362, 6753, 6831, 7130, 7259, 7665, 7828, 7868, 8086, 8293, 8647, 9079, 9214, 9248, 9304, 9389, 9667, 9721, 9771, 9859, 9947, 10111, 10202, 10271, 10406, 10505, 10689, 10794, 10851, 10985, 11030, 11042, 11157, 11196, 11331, 11569, 11833, 12077, 12173, 12230, 12299, 12327, 12438, 12531, 12740, 12770, 13062, 13232, 13451, 13625, 13697, 13735, 13887, 13940, 14044, 14275, 14371, 14493, 14819
Color 74: 155, 277, 360, 435, 585, 645, 823, 973, 1168, 1231, 1309, 1426, 1619, 1779, 1917, 1985, 2200, 2344, 2361, 2529, 2792, 2878, 3127, 3216, 3356, 3491, 3874, 4004, 4227, 4438, 4483, 4631, 4835, 5148, 5178, 5323, 5460, 5487, 5604, 5652, 5809, 5878, 5996, 6160, 6554, 6652, 6704, 6796, 7113, 7134, 7286, 7300, 7809, 7930, 8045, 8171, 8413, 8668, 8797, 8956, 9030, 9155, 9280, 9593, 9754, 9828, 9941, 10109, 10197, 10277, 10423, 10653, 10695, 10753, 10865, 10899, 11001, 11810, 12181, 12273, 12278, 12362, 12680, 12751, 12915, 13038, 13150, 13503, 13595, 13643, 13676, 13712, 13740, 13983, 14242, 14381, 14527, 14713, 14723
Color 75: 65, 202, 346, 465, 566, 706, 859, 1155, 1287, 1344, 1401, 1579, 1755, 1952, 2037, 2136, 2336, 2347, 2780, 3117, 3295, 3321, 3501, 3835, 3927, 4171, 4242, 4450, 4511, 4678, 4744, 4877, 5049, 5084, 5392, 5421, 5536, 5599, 5731, 5928, 6337, 6621, 6699, 7089, 7208, 7235, 7326, 7452, 7722, 7910, 8026, 8248, 8541, 8875, 8964, 9009, 9125, 9204, 9427, 9520, 9576, 9636, 9820, 10058, 10106, 10196, 10360, 10426, 10497, 10626, 10702, 10855, 10957, 11017, 11222, 11354, 11672, 11859, 11980, 12138, 12210, 12275, 12841, 12987, 13134, 13156, 13387, 13579, 13724, 13729, 13759, 13906, 14057, 14372, 14774
Color 76: 148, 169, 516, 704, 813, 975, 1032, 1200, 1352, 1493, 1646, 1807, 1886, 1960, 2083, 2190, 2293, 2398, 2605, 2731, 2848, 3110, 3194, 3393, 3535, 3885, 3953, 4232, 4446, 4517, 4697, 4758, 4888, 4954, 5087, 5373, 5475, 5495, 5697, 5887, 5967, 6077, 6282, 6677, 6797, 7077, 7271, 7790, 8022, 8132, 8227, 8460, 8564, 8666, 8801, 9194, 9441, 9495, 9639, 9740, 9946, 10250, 10269, 10483, 10691, 10775, 10807, 10870, 11021, 11072, 11253, 11362, 11459, 11551, 11598, 11663, 11766, 11836, 12200, 12243, 12439, 12588, 12746, 12789, 13056, 13144, 13452, 13584, 13624, 13941, 13964, 14225, 14243, 14274, 14519
Color 77: 16, 215, 359, 535, 749, 858, 994, 1010, 1192, 1347, 1521, 1612, 1708, 1854, 1959, 2064, 2186, 2322, 2440, 2595, 2786, 2863, 3239, 3518, 3955, 4204, 4543, 4711, 4715, 4932, 4943, 5136, 5203, 5732, 5808, 5897, 5955, 6144, 6314, 6423, 6610, 6689, 6751, 6821, 6977, 7107, 7162, 7295, 7363, 7712, 7798, 7867, 8425, 8534, 8608, 8912, 9099, 9170, 9288, 9554, 9629, 9641, 9833, 10153, 10427, 10474, 10660, 10688, 10748, 10842, 11552, 11570, 11733, 11776, 12126, 12226, 12257, 12361, 12425, 12754, 12942, 13145, 13175, 13502, 13629, 13647, 13746, 13839, 13915, 14086, 14255, 14303, 14506, 14768
Color 78: 23, 216, 368, 568, 633, 895, 933, 1149, 1246, 1310, 1527, 1649, 1764, 1945, 2101, 2137, 2306, 2394, 2483, 2695, 2816, 3077, 3269, 3399, 3476, 3829, 3970, 4427, 4528, 4667, 4721, 5010, 5127, 5177, 5425, 5564, 5862, 5974, 6120, 6285, 6344, 6620, 6632, 7014, 7094, 7144, 7285, 7440, 7490, 7924, 8068, 8108, 8539, 8659, 8877, 8970, 8998, 9060, 9118, 9394, 9458, 9547, 9651, 9774, 9938, 10224, 10295, 10443, 11011, 11240, 11284, 11438, 11529, 11650, 11668, 11851, 12188, 12368, 12401, 12759, 12778, 12902, 13055, 13367, 13393, 13602, 13652, 14002, 14033, 14479, 14515, 14813, 14835
Color 79: 74, 223, 364, 542, 765, 877, 913, 1038, 1257, 1348, 1528, 1578, 1788, 1967, 2100, 2172, 2337, 2365, 2512, 2632, 2745, 3070, 3406, 3525, 3807, 3922, 4194, 4394, 4527, 4690, 4906, 4994, 5126, 5174, 5315, 5434, 5562, 5618, 5922, 5989, 6132, 6206, 6438, 6690, 6772, 6869, 7030, 7108, 7140, 7279, 7446, 7693, 7900, 8031, 8465, 8542, 8662, 8869, 9025, 9138, 9476, 9555, 9598, 9661, 9744, 9911, 10039, 10089, 10177, 10642, 10896, 10966, 11038, 11370, 11567, 11697, 11866, 12190, 12313, 12349, 12400, 12496, 12567, 12967, 13005, 13075, 13167, 13585, 13658, 13816, 14075, 14820
Color 80: 64, 194, 375, 510, 774, 865, 962, 1144, 1183, 1393, 1411, 1553, 1737, 1972, 2110, 2177, 2393, 2496, 2684, 2715, 2822, 3090, 3170, 3319, 3547, 3805, 4384, 4510, 4683, 4778, 4920, 5082, 5156, 5513, 5813, 5910, 6084, 6226, 6358, 6611, 6705, 7091, 7154, 7447, 7699, 7846, 8091, 8118, 8211, 8331, 8451, 8511, 8811, 8927, 9521, 9628, 9749, 9804, 9836, 10059, 10175, 10267, 10354, 10632, 10679, 10727, 10959, 11209, 11263, 11453, 11523, 11591, 11630, 11856, 12199, 12666, 12735, 12867, 12916, 12952, 13293, 13358, 13591, 13630, 13655, 13721, 13878, 13971, 14191, 14249, 14265, 14689
Color 81: 106, 241, 365, 595, 763, 870, 993, 1022, 1222, 1368, 1450, 1584, 1731, 1992, 2112, 2181, 2320, 2431, 2673, 2917, 3072, 3270, 3333, 3480, 3996, 4473, 4682, 4745, 4933, 5009, 5088, 5179, 5328, 5428, 5722, 5863, 5958, 6075, 6227, 6332, 6359, 6555, 6650, 6739, 6799, 7036, 7087, 7185, 7727, 7819, 7920, 8141, 8263, 8579, 8607, 8809, 8925, 9002, 9479, 9614, 9720, 9773, 9871, 10405, 10501, 10633, 10711, 10737, 10829, 10972, 11025, 11231, 11519, 11559, 11679, 11795, 11883, 11889, 12508, 12805, 13357, 13578, 13662, 13783, 14008, 14099, 14109, 14248, 14438, 14491
Color 82: 134, 337, 545, 787, 841, 980, 1145, 1270, 1366, 1478, 1683, 1694, 2014, 2071, 2338, 2493, 2604, 2918, 3111, 3152, 3335, 3487, 3891, 3997, 4441, 4550, 4650, 4754, 4827, 4963, 5095, 5224, 5318, 5553, 5661, 5873, 5987, 6255, 6370, 6584, 6687, 6714, 7004, 7099, 7143, 7290, 7367, 7492, 7588, 7658, 7791, 8057, 8116, 8282, 8328, 8573, 8745, 9096, 9434, 9609, 9694, 9707, 9906, 10113, 10215, 10275, 10730, 11071, 11590, 11669, 11774, 11857, 12419, 12502, 12562, 12628, 12674, 13217, 13702, 13782, 13811, 13896, 14017, 14201, 14302, 14415, 14486, 14510, 14625
Color 83: 76, 478, 695, 810, 978, 1029, 1223, 1355, 1461, 1678, 2070, 2283, 2565, 2613, 2867, 3107, 3193, 3344, 3478, 3892, 4016, 4191, 4470, 4808, 4905, 5019, 5233, 5362, 5429, 5502, 5633, 5851, 5951, 6140, 6203, 6386, 6623, 6713, 6837, 7027, 7115, 7265, 7398, 7852, 7886, 8069, 8156, 8269, 8412, 8572, 8624, 8723, 9062, 9102, 9664, 9810, 9975, 10249, 10268, 10859, 10956, 11033, 11050, 11468, 11546, 11577, 11608, 11661, 11777, 11901, 12418, 12953, 13013, 13060, 13122, 13352, 13429, 13494, 13882, 13908, 14013, 14064, 14082, 14192, 14424, 14505, 14557
Color 84: 40, 287, 508, 781, 886, 1002, 1065, 1387, 1456, 1621, 1765, 2044, 2191, 2342, 2545, 2642, 2896, 2969, 3079, 3201, 3418, 3477, 3890, 3957, 4206, 4455, 4566, 4732, 4881, 4984, 5431, 5497, 5673, 5942, 6369, 6668, 6747, 6848, 6871, 7019, 7173, 7234, 7377, 7782, 7917, 8240, 8352, 8506, 8635, 8842, 9111, 9392, 9509, 9618, 10081, 10114, 10661, 10706, 10747, 10895, 11053, 11280, 11342, 11565, 12160, 12179, 12265, 12387, 12472, 12676, 12856, 13030, 13079, 13312, 13445, 13481, 13774, 13845, 14001, 14070, 14129, 14509, 14628, 14727, 14755
Color 85: 86, 382, 468, 903, 908, 1095, 1371, 1503, 1676, 1986, 2069, 2156, 2271, 2462, 2674, 2830, 3071, 3200, 3310, 3855, 3946, 4260, 4552, 4602, 4777, 4886, 5034, 5099, 5246, 5484, 6152, 6199, 6443, 6598, 6657, 6760, 7023, 7102, 7379, 7482, 7587, 7656, 7833, 7943, 8028, 8107, 8213, 8382, 8431, 8770, 8859, 9083, 9105, 9752, 9848, 10223, 10456, 10472, 10627, 10764, 10841, 10911, 10990, 11012, 11208, 11301, 11402, 11604, 11784, 11898, 12433, 12584, 12749, 12874, 13048, 13096, 13111, 13586, 13892, 14058, 14466, 14639, 14648
Color 86: 12, 278, 551, 772, 883, 985, 1115, 1373, 1460, 1669, 1729, 2047, 2195, 2315, 2522, 2886, 3041, 3112, 3215, 3334, 3457, 3884, 3984, 4196, 4615, 4768, 4834, 4957, 5117, 5183, 5360, 5498, 5705, 5826, 6274, 6452, 6579, 6658, 7142, 7373, 7563, 7711, 7793, 8034, 8119, 8278, 8350, 8518, 8598, 9210, 9478, 9578, 9602, 9737, 9932, 10176, 10549, 10686, 10854, 10930, 10961, 11186, 11348, 11464, 11528, 11812, 11884, 11932, 12447, 12638, 12797, 13064, 13088, 13110, 13184, 13751, 13769, 14037, 14063, 14115, 14742
Color 87: 10, 470, 693, 840, 1075, 1328, 1399, 1604, 1814, 2167, 2521, 2620, 2871, 3262, 3363, 3563, 3772, 3945, 4626, 4735, 4889, 4992, 5150, 5225, 5394, 5563, 5692, 6125, 6237, 6437, 6588, 6628, 6726, 6978, 7111, 7192, 7231, 7423, 7513, 7783, 7899, 8038, 8648, 9063, 9146, 9395, 9469, 9544, 9592, 9733, 9766, 10131, 10265, 10408, 10442, 10481, 10729, 10963, 11088, 11296, 11458, 11531, 11581, 11873, 12134, 12194, 12875, 12974, 12992, 13050, 13222, 13323, 13913, 14007, 14416, 14511, 14643, 14760, 14785
Color 88: 123, 507, 637, 899, 936, 1076, 1378, 1491, 1639, 1719, 2034, 2188, 2313, 2481, 2615, 2851, 3202, 3343, 3555, 3767, 3939, 4611, 4814, 4857, 5039, 5211, 5374, 5540, 6154, 6377, 6587, 6624, 6769, 7090, 7153, 7636, 8043, 8226, 8324, 8599, 8756, 8856, 9067, 9299, 9508, 9623, 9764, 9874, 10009, 10168, 10433, 10776, 10900, 11007, 11052, 11189, 11356, 11413, 11600, 11662, 11913, 12029, 12156, 12172, 12274, 12636, 12834, 13155, 13382, 13389, 13730, 14094, 14309, 14469, 14601, 14659, 14718, 14805, 14838
Color 89: 31, 591, 646, 896, 988, 1071, 1295, 1613, 1772, 1942, 2087, 2115, 2321, 2539, 2681, 2869, 3234, 3370, 3816, 3956, 4675, 4714, 4921, 4995, 5409, 5634, 5770, 6049, 6235, 6413, 6556, 6762, 6861, 7044, 7051, 7189, 7529, 7613, 7742, 7818, 7913, 7935, 8037, 8334, 8610, 9106, 9608, 9719, 9887, 10051, 10425, 10470, 10902, 11364, 11452, 11536, 11616, 11796, 11920, 12114, 12390, 12456, 12478, 12668, 12807, 12884, 13059, 13320, 13418, 13485, 13792, 13866, 13886, 14009, 14670, 14716, 14728, 14753
Color 90: 41, 251, 302, 500, 780, 827, 997, 1074, 1459, 1654, 1728, 2076, 2122, 2258, 2456, 2616, 3169, 3384, 3471, 3962, 4645, 4770, 4846, 5214, 5364, 5483, 5528, 6086, 6195, 6396, 6729, 6838, 7084, 7223, 7411, 7566, 7733, 7994, 8183, 8230, 8325, 8486, 8532, 9041, 9154, 9456, 9548, 9604, 9919, 10006, 10140, 10199, 10263, 11028, 11084, 11166, 11224, 11273, 11572, 11698, 11819, 12411, 12455, 12650, 12692, 13015, 13161, 13650, 13758, 13867, 13900, 14179, 14423, 14487, 14623, 14665, 14735
Color 91: 59, 320, 598, 743, 829, 969, 1041, 1511, 1570, 1828, 2048, 2113, 2273, 2661, 2856, 3160, 3326, 3556, 3828, 3964, 4105, 4613, 4807, 4879, 4955, 5187, 5635, 5799, 6259, 6442, 6560, 6771, 6976, 7168, 7269, 7519, 7555, 7670, 7799, 8225, 8363, 9071, 9515, 10041, 10074, 10116, 10252, 10432, 10701, 10928, 10936, 11188, 11311, 11518, 11595, 11808, 12117, 12174, 12689, 12765, 12913, 13025, 13039, 13335, 13413, 13563, 13743, 13881, 14065, 14200, 14379, 14477, 14613, 14629, 14739
Color 92: 162, 258, 321, 483, 771, 849, 907, 1108, 1369, 1581, 1696, 1982, 2023, 2170, 2264, 2504, 2828, 3385, 3862, 3992, 4577, 4771, 4866, 5180, 5366, 5496, 5717, 5812, 6098, 6269, 6376, 6680, 6742, 6798, 7039, 7147, 7281, 7376, 7546, 7717, 7792, 8090, 8228, 8385, 8407, 8754, 9348, 9626, 10022, 10155, 10240, 10298, 10551, 10681, 10770, 11044, 11271, 11429, 11585, 11769, 11849, 12149, 12393, 12481, 12640, 12710, 12799, 13351, 13435, 14170, 14464, 14610, 14626, 14644
Color 93: 143, 383, 514, 716, 890, 976, 1160, 1395, 1471, 1630, 1726, 1999, 2075, 2489, 2594, 2902, 3410, 3489, 3779, 3923, 4578, 4740, 4983, 5196, 5391, 5521, 5658, 5771, 6069, 6246, 6353, 6740, 6911, 7031, 7052, 7146, 7430, 7520, 7770, 8162, 8499, 8513, 9054, 9471, 9951, 10104, 10110, 10221, 10468, 10720, 10978, 11024, 11097, 11151, 11220, 11308, 11457, 11840, 12007, 12116, 12847, 12944, 13142, 13201, 13281, 13325, 13388, 13513, 14101, 14196, 14267, 14458, 14471, 14783
Color 94: 0, 472, 750, 866, 931, 1008, 1507, 1610, 1822, 2054, 2133, 2278, 2580, 2649, 2815, 3023, 3251, 3364, 3503, 3743, 3780, 3965, 4568, 4728, 4927, 5002, 5190, 5736, 5830, 6074, 6248, 6414, 6580, 6780, 7018, 7106, 7215, 7773, 7985, 8046, 8372, 8490, 8810, 9082, 9171, 9517, 10011, 10101, 10139, 10367, 10504, 10722, 10875, 10991, 11126, 11285, 11554, 11601, 12039, 12466, 12642, 12725, 12933, 13107, 13354, 13524, 13853, 14098, 14171, 14182, 14277, 14319, 14455
Color 95: 73, 325, 604, 665, 920, 1128, 1296, 1542, 1616, 1989, 2031, 2310, 2454, 2602, 2879, 3032, 3188, 3323, 3536, 3717, 3814, 4015, 4731, 4825, 5311, 5410, 5522, 5816, 6113, 6444, 6688, 6749, 6847, 6929, 7010, 7389, 7550, 7701, 8081, 8169, 8312, 8332, 8782, 8886, 9056, 9607, 10044, 10356, 10763, 11046, 11171, 11233, 11430, 11638, 11825, 11875, 11992, 12388, 12665, 12918, 13054, 13294, 13327, 13414, 13432, 13506, 13744, 13813, 13985, 14279, 14301, 14419, 14719
Color 96: 78, 264, 369, 550, 736, 819, 937, 1073, 1362, 1540, 1638, 1747, 1983, 2063, 2184, 2345, 2480, 2614, 2827, 3218, 3412, 3445, 3703, 4013, 4663, 4849, 4952, 5191, 5338, 5525, 5627, 6047, 6211, 6349, 6900, 7047, 7179, 7463, 7633, 7767, 8059, 8447, 8778, 8879, 9211, 9472, 9957, 10013, 10103, 10213, 10375, 10473, 10590, 10772, 11103, 11300, 11589, 11640, 11811, 11907, 11953, 12525, 12661, 12791, 13399, 13453, 13754, 13755, 13918, 14383, 14605, 14658
Color 97: 33, 356, 586, 738, 816, 905, 1390, 1398, 1575, 1771, 2108, 2275, 2420, 2953, 3046, 3273, 3320, 3770, 3973, 4612, 4841, 4977, 5243, 5387, 5443, 5724, 6146, 6404, 6483, 6788, 7034, 7194, 7448, 7494, 7800, 8066, 8102, 8241, 8369, 8418, 8724, 8885, 9092, 10038, 10092, 10179, 10397, 10608, 10723, 10918, 10955, 11138, 11182, 11275, 11379, 11619, 11821, 11841, 12247, 12485, 12627, 12723, 12835, 13252, 13285, 13785, 14166, 14263, 14341, 14388, 14754
Color 98: 158, 527, 666, 992, 1099, 1381, 1446, 1660, 1692, 2028, 2505, 2646, 2865, 3060, 3162, 3346, 3567, 3652, 4006, 4097, 4669, 4978, 5245, 5451, 5486, 5734, 6273, 6367, 6527, 6806, 6901, 6997, 7217, 7427, 7564, 7655, 7829, 7995, 8177, 8295, 8374, 8462, 8736, 8816, 9889, 10056, 10115, 10212, 10421, 10931, 11087, 11180, 11303, 11409, 11549, 11770, 11929, 12239, 12397, 12709, 12864, 12906, 13007, 13095, 13283, 13703, 13775, 14039, 14489, 14705, 14817
Color 99: 102, 308, 614, 631, 837, 912, 1098, 1301, 1523, 1605, 1761, 2018, 2314, 2600, 3022, 3271, 3397, 3436, 3682, 3870, 3987, 4853, 5055, 5235, 5395, 5472, 5769, 6068, 6345, 6476, 6841, 7137, 7461, 7576, 7835, 7962, 8019, 8249, 8392, 8808, 9122, 9197, 9339, 9950, 10458, 10579, 10893, 10946, 11099, 11238, 11277, 11344, 11421, 11540, 11571, 11648, 11931, 12027, 12155, 12505, 12814, 13223, 13314, 13512, 13801, 13862, 14154, 14539, 14660, 14759
Color 100: 71, 349, 479, 759, 1140, 1327, 1428, 1680, 1839, 1923, 2074, 2640, 2749, 3065, 3279, 3308, 3450, 3691, 3813, 3994, 4677, 4929, 4945, 5380, 5399, 5648, 6276, 6403, 6485, 6581, 6843, 7150, 7405, 7475, 7581, 7678, 7944, 8212, 8401, 8463, 8763, 9087, 9969, 9985, 10068, 10122, 10407, 10580, 10894, 10954, 11047, 11170, 11374, 11526, 11622, 11860, 11968, 12148, 12422, 12716, 13123, 13610, 13903, 13943, 13990, 14523, 14642, 14700, 14737
Color 101: 110, 347, 476, 624, 1068, 1311, 1533, 1614, 1748, 2025, 2453, 2949, 3035, 3290, 3357, 3701, 3876, 4007, 4069, 4570, 4882, 5199, 5358, 5482, 5677, 6083, 6251, 6372, 6599, 6737, 6811, 6873, 7219, 7382, 7536, 7621, 7696, 7955, 8124, 8253, 8398, 8440, 8793, 8815, 9075, 9178, 9504, 9949, 10072, 10123, 10206, 11223, 11262, 11387, 11922, 12248, 12669, 12860, 13076, 13311, 13514, 13861, 13912, 14048, 14285, 14410, 14616, 14636, 14762
Color 102: 68, 390, 574, 656, 971, 1086, 1293, 1385, 1481, 1577, 1716, 2011, 2552, 2598, 2887, 3037, 3231, 3401, 3557, 3694, 3985, 4057, 4685, 4859, 5040, 5221, 5359, 5748, 5778, 6100, 6379, 6696, 6972, 7178, 7548, 7606, 8002, 8018, 8100, 8338, 8491, 8781, 8846, 9156, 9177, 9621, 10099, 10241, 10758, 10885, 11235, 11247, 11373, 11642, 11886, 11944, 12037, 12430, 12600, 12655, 12809, 13412, 13460, 13761, 14067, 14296, 14359, 14398
Color 103: 30, 336, 540, 790, 884, 1124, 1189, 1300, 1463, 1622, 1791, 1944, 2789, 2849, 2997, 3253, 3414, 3549, 3754, 3893, 3980, 4067, 4579, 5001, 5217, 5477, 5753, 5832, 6163, 6190, 6427, 6545, 6707, 6854, 7012, 7454, 7511, 7585, 7956, 8194, 8224, 8389, 8790, 9130, 9205, 9356, 9940, 10042, 10076, 11142, 11183, 11420, 11617, 11805, 11837, 11927, 12332, 12458, 12634, 12718, 12821, 13176, 13341, 13745, 13789, 14165, 14278
Color 104: 42, 310, 559, 755, 1037, 1239, 1409, 1591, 1739, 1948, 2558, 2596, 2850, 3064, 3237, 3359, 3695, 3782, 4075, 4687, 4912, 4976, 5226, 5349, 5541, 5665, 5794, 6446, 6773, 7017, 7138, 7381, 7474, 7630, 7734, 7987, 8314, 8630, 8729, 8861, 9162, 9231, 9371, 10028, 10227, 10402, 10553, 11080, 11173, 11265, 11392, 11544, 11626, 11905, 12520, 12597, 12635, 12861, 12934, 13026, 13355, 13462, 13929, 14072, 14457, 14607, 14738
Color 105: 98, 261, 305, 569, 688, 1130, 1252, 1324, 1419, 1558, 1804, 2002, 2559, 2643, 2891, 3207, 3298, 3469, 3895, 3936, 4113, 4845, 5071, 5212, 5422, 5657, 5759, 6040, 6239, 6450, 6702, 6832, 6918, 7200, 7502, 7569, 8092, 8114, 8400, 8493, 8743, 8887, 9121, 9234, 9359, 10004, 10093, 10967, 11212, 11304, 11372, 11442, 11631, 11909, 11987, 12271, 12572, 12826, 13169, 13319, 13405, 13795, 13916, 13947, 14692
Color 106: 125, 199, 581, 784, 1113, 1364, 1497, 1595, 1832, 1929, 2442, 2724, 2873, 3261, 3448, 3901, 4099, 4597, 4858, 5237, 5312, 5408, 5741, 6161, 6230, 6517, 6931, 7157, 7510, 7623, 7698, 8014, 8082, 8242, 8396, 8421, 8806, 8921, 9107, 9321, 9964, 10005, 10245, 10390, 11290, 11461, 11584, 11882, 12010, 12241, 12522, 12624, 12920, 13077, 13177, 13246, 13784, 13852, 13907, 13948, 14167, 14207, 14775
Color 107: 69, 582, 773, 1153, 1280, 1485, 1585, 1733, 1981, 2088, 2566, 2838, 3039, 3212, 3523, 3720, 3913, 4070, 4629, 4916, 4990, 5216, 5320, 5465, 5706, 5798, 6028, 6168, 6197, 6342, 6807, 6891, 7124, 7370, 7677, 8011, 8101, 8476, 8792, 9217, 9295, 9334, 9869, 10151, 10611, 10921, 11112, 11317, 11914, 12031, 12140, 12609, 12679, 12808, 12938, 13301, 13487, 13863, 14284, 14462, 14535, 14736
Color 108: 152, 212, 291, 512, 1083, 1453, 1650, 1820, 2006, 2451, 2794, 2913, 3067, 3159, 3438, 3728, 3800, 3981, 4022, 4705, 4942, 5171, 5689, 6176, 6267, 6447, 6514, 6892, 7171, 7432, 7600, 7718, 7949, 8133, 8380, 8761, 8836, 9143, 9235, 9870, 10066, 10198, 10597, 10906, 10947, 11121, 11466, 11923, 11986, 12165, 12421, 13186, 13247, 13315, 13318, 13779, 13968, 14180, 14219, 14756, 14814
Color 109: 75, 233, 353, 486, 792, 1030, 1259, 1513, 1556, 1727, 2015, 2567, 2662, 2821, 2972, 3227, 3565, 3831, 4124, 4700, 5011, 5430, 5664, 5767, 5983, 6178, 6535, 7149, 7417, 7547, 7632, 7965, 8137, 8260, 8432, 8788, 8845, 9284, 9878, 9996, 10073, 10146, 10205, 10394, 11270, 11893, 11960, 12015, 12415, 12779, 12868, 13024, 13104, 13253, 13766, 14157, 14216, 14286, 14348, 14763
Color 110: 45, 295, 609, 768, 1102, 1454, 1645, 1773, 1933, 2793, 2943, 3280, 3505, 3662, 3908, 4017, 4122, 4520, 4610, 5015, 5163, 5707, 5795, 6264, 6487, 6882, 7203, 7604, 7740, 8013, 8179, 8204, 8497, 8765, 8805, 9147, 9244, 9902, 10157, 10369, 10604, 10935, 11129, 11187, 11269, 11539, 11899, 11982, 12020, 12238, 12406, 12694, 13188, 13277, 13344, 13921, 13979, 14362, 14653, 14725
Color 111: 37, 213, 300, 596, 670, 1114, 1283, 1468, 1626, 1840, 2473, 2765, 2824, 2964, 3174, 3725, 3894, 4061, 5022, 5247, 5369, 5445, 5743, 6109, 6416, 6777, 6883, 7416, 7628, 8004, 8158, 8294, 8361, 8637, 8771, 8827, 9183, 9258, 9368, 9962, 9994, 10097, 10571, 11174, 11378, 11462, 11521, 11621, 11989, 12143, 12266, 12498, 12658, 13437, 14310, 14393, 14662, 14829
Color 112: 154, 173, 319, 502, 658, 1087, 1290, 1496, 1588, 2475, 2859, 3008, 3238, 3486, 3730, 3812, 4078, 4641, 5057, 5170, 5305, 6202, 6387, 6467, 6735, 6826, 6930, 7159, 7386, 7523, 7608, 8039, 8187, 8364, 8663, 9061, 9261, 9305, 9898, 10064, 10587, 11159, 11906, 12374, 12448, 12590, 12813, 12852, 12947, 13003, 13493, 13608, 13776, 13950, 14209, 14751, 14801, 14823
Color 113: 81, 290, 370, 541, 782, 1154, 1535, 1656, 1724, 2582, 2796, 2841, 3196, 3572, 3697, 3863, 3979, 4115, 4506, 4665, 5036, 5325, 5640, 6153, 6245, 6410, 6855, 7127, 7371, 7614, 7648, 7981, 8054, 8126, 8310, 8494, 8975, 9269, 9366, 10127, 10235, 10874, 11259, 11844, 11933, 12005, 12573, 12646, 12877, 12940, 12973, 13237, 13276, 13395, 13873, 14355, 14667, 14694
Color 114: 52, 279, 350, 495, 668, 1069, 1224, 1474, 1563, 1835, 1922, 2701, 2803, 2977, 3171, 3435, 3846, 4547, 4694, 4973, 5685, 5881, 6182, 6228, 6548, 7456, 7472, 7598, 7749, 8009, 8284, 8480, 8649, 8820, 9343, 9921, 10031, 10247, 10374, 10570, 10886, 11320, 11403, 11645, 12000, 12678, 13082, 13249, 13331, 13423, 13516, 13637, 13953, 14312, 14338, 14470, 14822
Color 115: 83, 250, 554, 687, 1139, 1288, 1425, 1599, 1834, 2572, 2906, 3197, 3580, 3746, 3864, 4093, 4523, 4630, 5007, 5230, 5696, 5975, 6105, 6390, 6534, 6761, 6852, 7118, 7457, 7537, 7650, 7979, 8305, 8327, 8495, 8749, 8929, 9271, 9928, 10017, 10562, 10929, 11134, 11327, 11432, 11652, 11861, 12385, 12460, 12851, 12971, 13206, 13444, 14078, 14218, 14779, 14790
Color 116: 109, 283, 552, 718, 1043, 1170, 1418, 1823, 2586, 2735, 2907, 3068, 3181, 3470, 3716, 3819, 4106, 4608, 4959, 5655, 5893, 5991, 6162, 6244, 6360, 6507, 6770, 7121, 7384, 7624, 7757, 8195, 8245, 8434, 8758, 8889, 8967, 9057, 9370, 9958, 10126, 10610, 11293, 11345, 11917, 12410, 12518, 12608, 12701, 12761, 12950, 13193, 13849, 14083, 14214, 14663
Color 117: 56, 179, 615, 764, 1156, 1536, 1594, 1762, 2439, 2693, 2860, 3053, 3510, 3674, 3781, 4120, 4583, 5240, 5714, 5899, 6082, 6192, 6417, 6468, 6905, 7190, 7592, 7664, 7989, 8178, 8268, 8371, 9074, 9129, 9179, 9332, 9867, 11133, 11255, 11380, 11427, 11635, 11894, 11990, 12038, 12115, 12377, 12780, 13084, 13248, 13304, 14112, 14210, 14361, 14529
Color 118: 133, 170, 800, 1053, 1292, 1466, 1572, 1836, 2527, 2795, 2942, 2983, 3185, 3566, 3744, 3902, 4088, 4607, 4960, 5236, 5337, 5636, 6090, 6232, 6455, 6547, 7158, 7390, 7473, 7747, 8005, 8459, 8667, 8812, 8944, 9198, 9349, 9397, 9910, 11281, 11406, 11842, 11926, 12009, 12310, 12429, 12487, 12599, 13295, 13401, 13464, 13518, 13846, 13951, 14399
Color 119: 49, 270, 504, 630, 1081, 1472, 1597, 1777, 2474, 2706, 2845, 3031, 3203, 3574, 3757, 3839, 4059, 4463, 4574, 5072, 5207, 5669, 5934, 6011, 6133, 6919, 7394, 7530, 7602, 7761, 8191, 8221, 8370, 8466, 8576, 8868, 9237, 9448, 9784, 10388, 11323, 11975, 12471, 12720, 12815, 12892, 13002, 13187, 13288, 13604, 14100, 14150, 14468, 14771
Color 120: 116, 289, 610, 701, 1091, 1271, 1438, 1573, 1699, 1984, 2513, 2797, 2875, 3166, 3514, 3719, 3854, 3966, 4101, 4702, 4953, 5234, 5405, 5695, 6156, 6524, 7197, 7459, 7480, 7558, 8012, 8175, 8307, 8410, 8762, 8948, 9360, 9438, 9992, 10583, 11123, 11433, 11612, 11952, 12288, 12787, 12989, 13936, 14256, 14327, 14461, 14696
Color 121: 20, 191, 599, 804, 1120, 1538, 1625, 1734, 2001, 2517, 2782, 2826, 3030, 3282, 3521, 3872, 4034, 4476, 4623, 5184, 5660, 6007, 6048, 6260, 6497, 7356, 7501, 7755, 7983, 8128, 8267, 8794, 8818, 8973, 9266, 9788, 10040, 10950, 11335, 11471, 11641, 11943, 12034, 12370, 12616, 12792, 12901, 13483, 13955, 14264, 14394
Color 122: 46, 242, 611, 655, 1125, 1277, 1476, 1593, 1703, 2488, 2757, 2880, 2978, 3210, 3493, 3768, 4116, 4500, 4580, 5005, 5721, 6058, 6506, 7131, 7544, 7730, 7938, 8115, 8308, 8358, 8502, 8786, 9413, 9813, 9882, 9984, 10370, 11947, 12292, 12379, 12470, 12769, 12904, 12959, 13010, 13626, 13841, 14317, 14384, 14702, 14778
Color 123: 13, 211, 555, 798, 1133, 1522, 1776, 2495, 2950, 2988, 3148, 3552, 3786, 4091, 4529, 4648, 4788, 5053, 5192, 5630, 5929, 6036, 6089, 6541, 6853, 7164, 7353, 7634, 7649, 8356, 8406, 8751, 9285, 9417, 9960, 9997, 10598, 11302, 11414, 11921, 12514, 12882, 13157, 13224, 13466, 13479, 13982, 14176, 14331, 14395
Color 124: 90, 178, 524, 727, 1021, 1201, 1432, 1808, 2541, 2688, 3019, 3571, 3756, 3824, 4534, 4621, 5003, 5206, 5745, 5875, 6134, 6256, 6503, 6912, 7441, 7503, 7685, 7986, 8155, 8244, 8448, 8556, 8628, 8891, 8952, 9287, 9909, 10561, 11382, 12024, 12316, 12340, 12896, 13180, 14336, 14349, 14780, 14818
Color 125: 39, 280, 513, 723, 1062, 1261, 1404, 1697, 2561, 2931, 3284, 3537, 3750, 3776, 4043, 4590, 4991, 5209, 5446, 5667, 5911, 6169, 6859, 7119, 7396, 7975, 8315, 8414, 8623, 8775, 8857, 11246, 11439, 11639, 11892, 11951, 12331, 12954, 13192, 13231, 13313, 13640, 13970, 14119, 14288, 14325, 14787
Color 126: 156, 484, 783, 1097, 1250, 1442, 1801, 2574, 2707, 2868, 3026, 3168, 3559, 3853, 4085, 4674, 4968, 5244, 5464, 5750, 5842, 5959, 6108, 6208, 6881, 7618, 7689, 8008, 8060, 8104, 8280, 8639, 8864, 9298, 9444, 9793, 11146, 11260, 11312, 11940, 12041, 12890, 13433, 14152, 14530, 14698
Color 127: 15, 196, 517, 700, 1093, 1475, 1706, 2450, 2756, 2945, 3249, 3451, 3736, 3832, 4551, 4614, 5056, 5901, 6015, 6142, 6233, 6465, 6927, 7360, 7594, 7741, 8291, 8386, 8439, 8582, 8798, 8958, 9124, 9257, 9886, 10889, 11162, 11334, 12261, 12335, 12515, 12610, 13633, 14221, 14293, 14847
Color 128: 94, 267, 579, 708, 1061, 1254, 1402, 1751, 2494, 2933, 2960, 3447, 3653, 3783, 4126, 4562, 4696, 4817, 5632, 6080, 6275, 7126, 7395, 7605, 7663, 7999, 8190, 8229, 8403, 8718, 9142, 9798, 9880, 11389, 11611, 12030, 12242, 12296, 12611, 12690, 12768, 13035, 13195, 13490, 14213, 14342
Color 129: 5, 189, 592, 734, 1057, 1435, 1782, 2542, 2746, 2920, 3056, 3189, 3459, 3710, 3827, 4098, 4519, 4736, 5068, 5746, 6020, 6094, 6520, 6872, 7198, 7428, 7627, 7669, 8130, 8235, 8354, 8632, 8828, 9372, 9937, 10591, 11896, 12391, 12443, 12891, 12986, 13616, 13843, 14747, 14761
Color 130: 55, 487, 776, 1040, 1286, 1508, 1750, 2573, 2716, 2884, 2968, 3219, 3492, 3745, 3904, 4451, 5078, 5939, 6123, 6221, 6884, 7129, 7350, 7713, 8016, 8097, 8288, 8446, 9340, 9422, 9873, 11153, 11649, 12301, 12326, 12494, 12685, 12945, 13158, 13225, 13587, 14204, 14289, 14311
Color 131: 120, 221, 531, 751, 1165, 1203, 1480, 1738, 2516, 2752, 2900, 3042, 3175, 3538, 3658, 3822, 4110, 4454, 4594, 5353, 5891, 6050, 6496, 7135, 7736, 8129, 8246, 8475, 8560, 8591, 8969, 9291, 10560, 11383, 11614, 12424, 12697, 13428, 13981, 14103, 14261, 14357, 14536, 14697
Color 132: 103, 274, 530, 667, 1014, 1213, 1516, 1846, 2438, 2744, 2944, 3178, 3573, 3733, 3881, 4086, 4522, 4571, 4797, 4950, 5678, 5947, 6171, 7359, 7507, 7552, 7746, 7864, 8208, 9353, 9429, 9966, 10606, 11119, 11309, 12339, 12817, 12876, 12997, 13639, 13939, 13974, 14251, 14326
Color 133: 115, 587, 789, 1047, 1180, 1410, 1709, 2458, 2785, 2837, 3017, 3513, 3672, 3815, 4576, 5067, 5710, 5895, 6101, 7163, 7409, 7726, 7827, 8207, 8335, 8852, 9277, 9329, 9809, 10208, 10968, 11172, 11361, 11963, 11999, 12378, 12629, 12823, 13011, 13440, 14456, 14796
Color 134: 34, 285, 621, 707, 1092, 1260, 1447, 1792, 2485, 2697, 2834, 2965, 3184, 3548, 3910, 4119, 4479, 4698, 4909, 6032, 6043, 6466, 6698, 7195, 7435, 7932, 8942, 9297, 9891, 10228, 10552, 10948, 12328, 12497, 12594, 12796, 13148, 13216, 13583, 13924, 13961, 14532
Color 135: 121, 184, 490, 754, 1050, 1247, 1441, 1815, 2452, 2769, 2799, 3243, 3434, 3709, 3988, 4037, 4584, 5050, 5703, 5900, 6151, 6528, 7132, 7638, 8163, 8309, 8399, 8566, 8727, 8832, 8936, 9260, 9364, 9782, 10563, 11111, 11978, 12312, 12848, 12921, 12985, 14405
Color 136: 129, 232, 570, 791, 1066, 1169, 1809, 2532, 2711, 2919, 2984, 3187, 3453, 3650, 3793, 4049, 4540, 4802, 5006, 5682, 5932, 6118, 6474, 7125, 7364, 7714, 7973, 8625, 8748, 9286, 10000, 11124, 12870, 13233, 13427, 13612, 14114, 14316, 14465, 14531, 14846
Color 137: 61, 526, 726, 1012, 1194, 1509, 1817, 2575, 2852, 3007, 3244, 3529, 3886, 4095, 4555, 4660, 4724, 4964, 5938, 6005, 6085, 6495, 6888, 7422, 7553, 7748, 7834, 8170, 8638, 8803, 9440, 9961, 11938, 12028, 12352, 12671, 12881, 12964, 14305, 14708, 14784
Color 138: 22, 244, 536, 654, 1003, 1489, 1800, 2490, 2883, 2994, 3257, 3425, 3673, 3906, 4561, 4587, 4947, 5649, 5888, 6172, 6543, 6738, 7120, 7400, 7716, 8074, 8164, 8578, 8652, 8779, 8858, 8962, 9336, 9503, 11264, 11366, 12286, 12517, 12585, 13441, 13627, 14514
Color 139: 24, 602, 672, 1126, 1422, 1721, 2557, 2685, 3048, 3150, 3482, 3778, 4670, 4813, 5041, 5314, 5646, 6092, 6756, 7133, 7429, 7567, 7933, 8135, 8359, 8831, 8949, 9274, 9439, 9802, 11078, 11385, 11936, 12578, 12684, 12842, 12977, 13008, 13147, 13258, 14260, 14773
Color 140: 60, 501, 730, 1056, 1502, 1826, 2437, 2692, 2806, 3015, 3190, 3545, 3687, 3905, 4537, 5033, 5711, 5844, 6097, 6486, 7156, 7471, 7622, 7853, 8055, 8201, 8279, 8791, 8862, 8972, 9411, 9789, 10567, 12305, 12366, 12593, 12698, 12801, 12949, 13403, 14019, 14159
Color 141: 18, 560, 681, 1024, 1517, 1812, 2446, 2712, 2912, 3066, 3223, 3449, 3741, 3834, 4020, 4790, 5048, 5756, 5914, 6025, 6179, 6498, 7444, 7591, 7705, 7947, 8103, 8550, 8799, 8937, 9327, 9514, 9812, 10887, 11384, 12405, 13174, 13434, 13597, 13969
Color 142: 165, 198, 589, 799, 1049, 1245, 1444, 1720, 2576, 2927, 3146, 3497, 3797, 3938, 4023, 4459, 4655, 4786, 5215, 6035, 7358, 7631, 8003, 8145, 8215, 8851, 9433, 9513, 9777, 9890, 10769, 10907, 11314, 12323, 12482, 12818, 12883, 13226, 13449, 14234
Color 143: 26, 532, 809, 1106, 1187, 1451, 1810, 2498, 2889, 2962, 3153, 3372, 3528, 3752, 4980, 5370, 5628, 6012, 6045, 7399, 7578, 7660, 7837, 7972, 8106, 8274, 8507, 8979, 9251, 9924, 10768, 11818, 11902, 11970, 12386, 12705, 12819, 13215, 14107, 14254
Color 144: 122, 522, 697, 1017, 1525, 1746, 2506, 2721, 2853, 3192, 3540, 3696, 3787, 4474, 4593, 4806, 5013, 5351, 5702, 5855, 6000, 6061, 6238, 6851, 7436, 7813, 8287, 9415, 9819, 11096, 11988, 12002, 12293, 12477, 12586, 12647, 12972, 13931, 14118, 14270
Color 145: 77, 492, 669, 1127, 1190, 1423, 1756, 2583, 2776, 2844, 3163, 3332, 3575, 3645, 4000, 4044, 4549, 4599, 5718, 6173, 7175, 7362, 7704, 7817, 7958, 8154, 8571, 8752, 9443, 9487, 9917, 12281, 12490, 12621, 12626, 13438, 13812, 13949, 14521
Color 146: 138, 176, 482, 698, 1119, 1177, 1479, 1711, 2742, 3020, 3217, 3488, 3790, 4123, 4513, 4634, 4971, 5712, 5849, 6042, 6155, 7368, 7750, 7839, 8214, 8581, 8865, 8946, 9418, 9933, 10018, 10739, 11095, 11313, 12695, 12840, 13168, 13620
Color 147: 130, 515, 741, 1034, 1514, 1753, 2448, 2956, 3250, 3398, 3554, 3833, 3983, 4084, 4661, 4823, 4979, 5728, 5950, 6174, 6906, 7595, 7666, 8117, 8251, 8557, 8796, 9303, 9407, 9786, 11349, 11786, 12315, 12565, 13172, 13635, 13810, 14208
Color 148: 58, 533, 793, 1122, 1208, 1448, 1781, 2455, 2734, 2808, 3258, 3415, 3506, 3712, 3867, 4114, 4598, 4793, 5042, 5676, 5927, 6009, 6103, 7352, 7732, 8109, 8545, 8873, 9326, 9895, 10085, 10761, 11062, 12577, 12858, 13197, 14126, 14217
Color 149: 66, 543, 703, 1059, 1221, 1440, 1774, 2551, 2690, 2911, 3222, 3378, 3442, 4475, 4708, 4781, 5023, 5666, 5886, 5963, 6065, 6885, 7433, 7751, 7856, 7976, 8172, 8670, 9357, 9451, 9507, 11128, 11282, 11341, 12324, 12998, 13240, 14006
Color 150: 35, 553, 770, 1134, 1243, 1414, 1701, 2555, 2925, 2970, 3266, 3576, 3860, 4642, 4897, 4946, 5708, 6194, 7365, 7810, 8099, 8321, 8589, 8597, 8872, 9369, 9493, 9808, 10584, 10773, 11085, 11357, 11620, 11941, 12290, 12358, 12587, 12839
Color 151: 93, 546, 653, 1142, 1434, 1752, 2577, 2818, 3164, 3421, 3495, 3877, 4071, 4596, 4816, 4854, 5032, 5727, 6170, 7424, 7679, 8165, 8261, 8656, 9227, 9482, 9776, 10564, 10745, 11809, 12376, 12483, 12783, 13203, 13229, 13289, 14247
Color 152: 126, 249, 583, 744, 1035, 1291, 1449, 1743, 2560, 2747, 2928, 3156, 3376, 3502, 3759, 4654, 4727, 4985, 5650, 5850, 6054, 7672, 7822, 8181, 8621, 8819, 8968, 9282, 9315, 9925, 10733, 11108, 11822, 11916, 12280, 12866, 14386
Color 153: 62, 208, 547, 719, 1096, 1462, 1712, 2578, 2857, 3254, 3312, 3582, 3661, 3802, 4557, 4671, 4741, 4975, 5956, 6234, 6502, 7443, 7863, 8273, 8554, 9250, 9518, 9972, 11067, 11319, 11441, 11780, 12620, 12776, 13799, 13966, 14508
Color 154: 54, 181, 616, 662, 1131, 1234, 1473, 1736, 2510, 2847, 3191, 3838, 4490, 4604, 4734, 4919, 5043, 5668, 6031, 6057, 7380, 7758, 8134, 8899, 9293, 9330, 9526, 11056, 12464, 12602, 12886, 13086, 13198, 13227, 13430, 14490, 14542
Color 155: 147, 538, 794, 1063, 1182, 1465, 1825, 2470, 2921, 3183, 3463, 4545, 4563, 4930, 5059, 5642, 5999, 6102, 6464, 7366, 8167, 8210, 8611, 8860, 9903, 10781, 11125, 11201, 11792, 12311, 12329, 12528, 12687, 13179, 13977, 14300, 14404
Color 156: 124, 710, 1055, 1248, 1504, 1763, 2423, 2936, 3155, 3366, 3581, 3796, 4512, 4662, 4903, 5012, 5651, 5861, 6137, 6257, 7385, 7641, 7774, 8105, 8219, 9236, 11100, 11615, 11831, 12704, 12969, 13199, 13257, 14113, 14400, 14832
Color 157: 48, 715, 1026, 1524, 1766, 2459, 2699, 2819, 3252, 3409, 3590, 3801, 4680, 4892, 4981, 5662, 5919, 7393, 7752, 8095, 8281, 8626, 8800, 9916, 11203, 11350, 12008, 12491, 12591, 12893, 12981, 13254, 13815, 14321, 14844
Color 158: 88, 245, 801, 1148, 1415, 1811, 2427, 2888, 3177, 3444, 3868, 4572, 4733, 5045, 5751, 5884, 6130, 7383, 7642, 8297, 8577, 8757, 8814, 8976, 9253, 9405, 9491, 9934, 11147, 11192, 11395, 13448, 13573, 13823, 14795
Color 159: 63, 171, 1039, 1467, 1805, 2463, 2854, 3025, 3209, 3327, 3462, 3916, 4499, 4633, 4812, 4840, 4962, 5754, 5936, 5957, 6147, 6499, 7756, 8544, 8825, 8911, 10743, 11634, 12476, 12729, 12784, 13436, 14239, 14498, 14791
Color 160: 118, 664, 1064, 1546, 1844, 2509, 2801, 3205, 3577, 3762, 4028, 4666, 4780, 4938, 4970, 5631, 7431, 7601, 7766, 7768, 8250, 8360, 8817, 8966, 9751, 10132, 11236, 11328, 11790, 12484, 12829, 13470, 13594, 14328, 14484
Color 161: 137, 268, 680, 1077, 1492, 1723, 2546, 2843, 3275, 3558, 3718, 3847, 4515, 4600, 4713, 4829, 5874, 6071, 7464, 7753, 7851, 8127, 8285, 8854, 8935, 9481, 9806, 9926, 11065, 11244, 11412, 13473, 14069, 14258
Color 162: 80, 567, 795, 1090, 1470, 1767, 2421, 2810, 3265, 3307, 3578, 3773, 4592, 4847, 5656, 6039, 6107, 6521, 7467, 7735, 7808, 7982, 8216, 8895, 9775, 9944, 11340, 12003, 12132, 13219, 13996, 14079, 14657
Color 163: 27, 775, 1082, 1197, 1845, 2538, 2836, 3247, 3304, 3508, 3859, 4982, 5713, 5973, 7372, 7645, 8120, 8206, 8383, 8898, 9816, 10732, 11358, 11817, 11946, 12157, 12279, 12762, 12836, 13239, 14500, 14827
Color 164: 82, 796, 1080, 1841, 2553, 2855, 3291, 3328, 3466, 3878, 4586, 4901, 4993, 5755, 5889, 6029, 6064, 6456, 7449, 7683, 8159, 8807, 8922, 9894, 11779, 12500, 12887, 13160, 14016, 14062, 14304
Color 165: 164, 721, 1027, 1583, 1778, 2430, 2870, 2961, 3211, 3799, 4601, 5004, 5737, 5998, 6070, 6357, 7549, 7769, 8180, 9761, 9929, 10188, 11055, 12309, 12798, 12869, 13162, 13256, 14322, 14518, 14703
Color 166: 160, 684, 1141, 1759, 2544, 2751, 2881, 2981, 3292, 3454, 3806, 4616, 4925, 4996, 5681, 6138, 6402, 7419, 8121, 8217, 8543, 8880, 9377, 11351, 12023, 12319, 12580, 12775, 12888, 14111
Color 167: 163, 636, 1129, 1794, 2477, 2872, 3288, 3423, 3869, 4628, 4820, 5037, 5749, 6051, 7637, 8200, 8231, 8517, 8753, 8830, 9437, 10138, 11230, 11368, 12488, 12601, 12793, 13154, 14323
Color 168: 38, 673, 1164, 1596, 1797, 2515, 2914, 3021, 3198, 3458, 3669, 3888, 4620, 4753, 4891, 5058, 5691, 5984, 6145, 8166, 8243, 8575, 8774, 8939, 9404, 12129, 13170, 14123, 14706
Color 169: 70, 641, 1161, 1175, 2935, 3043, 3167, 3342, 3507, 3774, 4094, 4658, 4810, 4824, 6149, 7719, 7806, 7977, 8185, 8234, 8841, 9447, 9779, 11191, 11318, 13242, 14707
Color 170: 92, 485, 676, 1163, 1637, 2469, 2770, 2811, 3274, 3403, 3541, 3713, 4679, 4779, 4997, 6185, 6441, 7682, 7781, 8196, 8276, 8585, 8848, 9335, 11353, 12589, 12785
Color 171: 146, 548, 720, 1070, 1675, 2476, 2689, 2874, 3221, 3365, 3734, 3837, 4462, 4564, 5077, 7710, 7843, 8199, 8296, 9455, 10778, 12334, 12605, 12803, 12853, 13066
Color 172: 7, 756, 1094, 1253, 2547, 2709, 2955, 3214, 3417, 3534, 3873, 4622, 4848, 5044, 6002, 6117, 6354, 7998, 9511, 9875, 10174, 11363, 11778, 11942, 12617, 13212
Color 173: 85, 634, 1147, 1659, 2589, 2923, 3240, 3550, 3803, 4039, 4707, 5063, 5838, 7860, 8112, 8236, 8529, 8631, 9480, 9888, 10766, 12153, 12283, 12619, 12846, 13260
Color 174: 112, 748, 1118, 1633, 2432, 2939, 3182, 3426, 3795, 4664, 5073, 6129, 6392, 7728, 8131, 8320, 9259, 9390, 9523, 9879, 10731, 11814, 11964, 12788, 14640
Color 175: 53, 766, 1085, 1560, 2526, 2748, 2951, 3353, 3473, 3764, 4689, 5076, 6148, 7687, 8184, 8283, 9408, 9922, 10130, 11091, 11827, 12499, 13093, 13163, 13492
Color 176: 159, 737, 1116, 1589, 2443, 2954, 3294, 3299, 3512, 4703, 4765, 4935, 4949, 6067, 7652, 8302, 8547, 9943, 11054, 12119, 12862, 13209, 13511, 13803, 13925
Color 177: 644, 1005, 1205, 2537, 2823, 3530, 3789, 4521, 4706, 4783, 4865, 4988, 6076, 8123, 8316, 8489, 9331, 9465, 11104, 12479, 12604, 13613, 14481
Color 178: 714, 1159, 1181, 1629, 2554, 2861, 3368, 3804, 4089, 4575, 4923, 5008, 6139, 7644, 7794, 8148, 8319, 9881, 12527, 12948, 13410, 13820, 14203
Color 179: 690, 1109, 2472, 2885, 3465, 3817, 4109, 4609, 4890, 5062, 5894, 6158, 6355, 7651, 7811, 8094, 9971, 11226, 11310, 11456, 12574, 12844, 14495
Color 180: 725, 1123, 1249, 1568, 2482, 2938, 3472, 3830, 4632, 5941, 7706, 8193, 8223, 9352, 9484, 9927, 10716, 11190, 12576, 13153, 14541, 14669, 14710
Color 181: 626, 1557, 2548, 3542, 3821, 4688, 5031, 6106, 7764, 8247, 8653, 9953, 10735, 11239, 11346, 11408, 12330, 12523, 13202, 13859, 14054
Color 182: 683, 1565, 2563, 2910, 3588, 3865, 5000, 6143, 7720, 8301, 8452, 9254, 9967, 11040, 11782, 12353, 12486, 12568, 14525, 14701, 14831
Color 183: 689, 1274, 1590, 2444, 2877, 3428, 3887, 4653, 4875, 5026, 6072, 7697, 8442, 8627, 9970, 11058, 12507, 13211, 14074, 14537
Color 184: 757, 2467, 2903, 3522, 3765, 4471, 4625, 5029, 6063, 6366, 8272, 9275, 10128, 11367, 12614, 12781, 12899, 13171, 14540, 14824
Color 185: 807, 2591, 2908, 3439, 3823, 4538, 4644, 4719, 4969, 6433, 7709, 8239, 8945, 9868, 11394, 12162, 12526, 12582, 12802, 12854
Color 186: 647, 2581, 2842, 3315, 3533, 3915, 4651, 4894, 5038, 5846, 6391, 8264, 9785, 9893, 10165, 11176, 12623, 12833, 13959, 14830
Color 187: 735, 1627, 2514, 2958, 3551, 3871, 4516, 4591, 5070, 6136, 6451, 7167, 7647, 8270, 9952, 11194, 11376, 12151, 13164, 14334
Color 188: 659, 1603, 2550, 2948, 3468, 3897, 4659, 5080, 6056, 7729, 8205, 10185, 11352, 12118, 12592, 12763, 12845, 12963, 13182, 14524
Color 189: 747, 1666, 2478, 2916, 3479, 3848, 4701, 4956, 5890, 6008, 6073, 7721, 8323, 9914, 11390, 11467, 12506, 12828, 14235
Color 190: 767, 2468, 2829, 3543, 3911, 4710, 5046, 5915, 6087, 7657, 8313, 8940, 9884, 11329, 12289, 12467, 12786, 13500, 14650
Color 191: 628, 2434, 2926, 3561, 3914, 4581, 5952, 6099, 6381, 8277, 9905, 11448, 12475, 12811, 12863, 13166, 13420, 13567
Color 192: 686, 1686, 2425, 2941, 3440, 3777, 4668, 6091, 7123, 7676, 8441, 9414, 9780, 9912, 11393, 12824, 13091, 13989
Color 193: 694, 2461, 3499, 3811, 4695, 6135, 7738, 8286, 8416, 8553, 8961, 11316, 12521, 12827, 12855, 13408, 13523
Color 194: 758, 2479, 3524, 3836, 4789, 6157, 6394, 7686, 8289, 8482, 9801, 9965, 10117, 11407, 12872, 14834
Color 195: 778, 1617, 2491, 3375, 3511, 3896, 4831, 6003, 7700, 8306, 8498, 9974, 10133, 12473, 14106, 14534
Color 196: 660, 1562, 2507, 3546, 6093, 7165, 7653, 7816, 9923, 11375, 12146, 12284, 12773, 13101, 14544
Color 197: 746, 2497, 3474, 3826, 6184, 7136, 7725, 8548, 9490, 11330, 12122, 12530, 13855, 14307, 14807
Color 198: 724, 1632, 2543, 3464, 3858, 4729, 6024, 6141, 7206, 9931, 10742, 11306, 12480, 12878, 14295
Color 199: 762, 2562, 3430, 3849, 6165, 7643, 9409, 9935, 11338, 11411, 11789, 12513, 13869, 14160, 14313
Color 200: 691, 2435, 3296, 3856, 6180, 6395, 7225, 7635, 8428, 9959, 11064, 12304, 12489, 12810, 14272
Color 201: 682, 2499, 3324, 3456, 3794, 6183, 9432, 9904, 10134, 11336, 12492, 12764, 13159, 14173, 14528
Color 202: 649, 2588, 3475, 3909, 6044, 7667, 8570, 11397, 12123, 12771, 13018, 13181, 14744
Color 203: 639, 2549, 3490, 3918, 4900, 6081, 6426, 7654, 8445, 11388, 12465, 12859
Color 204: 675, 2569, 3504, 3866, 4784, 6104, 7151, 7671, 10160, 11200, 12822, 13032
Color 205: 692, 2584, 3369, 3494, 3784, 4805, 6187, 7680, 11347, 12790, 13208
Color 206: 705, 2534, 3396, 3539, 3875, 6164, 7737, 7812, 11359, 12831, 13165
Color 207: 717, 1574, 2587, 3560, 3879, 7715, 7838, 9485, 11355, 12782, 13149
Color 208: 709, 2447, 3431, 3903, 6062, 7170, 7673, 9506, 10736, 13190
Color 209: 753, 2487, 3496, 4842, 6177, 10760, 11381, 11783, 12794, 13204
Color 210: 777, 2511, 3587, 6128, 7723, 11059, 11807, 12816, 13207
Color 211: 785, 1554, 3544, 6096, 6401, 7763, 11083, 12850
Color 212: 663, 2568, 3569, 6119, 7759, 10137, 12871, 13798
Color 213: 699, 2536, 3583, 4895, 6126, 7744, 12128, 14306
Color 214: 722, 2502, 3586, 4918, 6350, 11195, 13189
Color 215: 650, 1636, 2528, 3443, 7662, 11219, 12897
Color 216: 711, 3484, 7708, 11418, 12898, 14047
Color 217: 806, 1586, 3509, 12857, 13151, 14314
Color 218: 760, 3568, 7684, 12879, 13065, 14332
Color 219: 786, 1561, 7762, 12894, 14333
Color 220: 805, 3532, 7743, 14329
Color 221: 802
----------------------------------------
Is solution valid? true
----------------------------------------