1000 150000
326 155
357 93
286 36
415 112
344 77
906 164
703 100
143 138
674 173
373 81
282 64
693 90
933 94
447 104
701 134
673 120
353 160
136 93
366 171
285 95
798 126
219 56
352 86
278 70
636 75
496 155
931 126
669 111
366 97
145 117
875 132
102 131
480 131
732 94
310 84
760 85
364 41
823 22
397 67
669 69
531 66
370 50
647 18
161 52
696 88
399 136
734 44
616 86
621 48
148 66
156 61
275 168
291 57
420 95
91 63
286 74
346 81
209 163
42 88
335 100
160 172
231 86
598 61
274 88
923 78
414 93
311 102
240 56
378 82
437 174
200 151
373 85
943 107
222 74
599 65
542 142
334 40
272 89
833 22
432 120
139 61
553 123
397 84
189 95
248 129
590 65
270 47
424 69
466 118
466 185
440 117
431 46
123 55
211 35
491 48
158 72
595 70
110 131
623 70
425 92
64 78
247 76
399 20
691 26
306 66
719 134
370 81
299 106
66 72
202 92
345 115
370 156
811 127
219 88
557 104
325 64
157 100
443 105
462 42
374 86
533 68
281 85
482 96
159 50
449 69
422 108
347 160
296 78
627 47
282 61
670 184
513 81
585 134
690 107
230 29
291 121
887 98
927 61
562 92
612 40
624 15
194 87
239 146
245 59
108 90
459 175
94 16
639 93
240 70
754 53
335 67
228 83
599 42
157 113
371 70
399 35
563 45
542 108
433 91
213 183
669 46
342 153
269 65
486 33
253 102
761 113
321 35
83 136
247 64
452 58
621 109
455 54
546 74
853 179
115 99
836 127
434 93
507 125
523 128
196 36
189 180
639 138
197 94
822 69
719 71
78 87
517 135
461 98
665 129
34 153
148 140
360 110
625 122
327 164
534 82
583 110
466 46
105 55
426 63
647 39
360 32
821 89
270 15
243 163
195 100
473 136
651 108
733 104
456 144
448 84
299 32
682 23
679 89
622 59
295 127
114 57
441 89
211 113
170 36
341 64
260 138
556 30
220 44
64 115
539 111
449 56
217 63
511 16
913 59
427 189
449 40
341 49
144 109
588 78
478 49
799 79
698 79
320 30
626 51
532 54
420 120
355 96
583 47
728 84
269 50
753 151
486 55
356 50
237 97
187 128
192 67
150 162
456 33
433 95
454 91
331 59
186 49
344 138
257 58
406 194
237 73
93 77
356 71
128 56
283 59
429 61
142 33
424 77
48 107
503 62
536 72
810 64
486 170
373 80
611 60
216 178
388 110
173 148
533 105
637 103
142 80
586 56
244 30
416 90
67 122
418 54
662 103
237 76
74 99
247 52
786 153
480 181
324 83
321 64
507 22
536 149
219 115
192 59
574 172
139 85
534 133
391 45
82 49
539 90
188 163
750 69
39 40
558 126
938 147
792 49
509 45
186 40
241 66
555 146
408 104
731 109
625 88
510 79
463 103
429 28
134 118
709 59
301 28
342 162
395 114
847 138
683 183
631 148
710 42
354 62
685 31
488 92
253 117
393 100
418 50
300 108
398 77
422 121
478 57
414 35
462 26
203 80
951 111
878 69
400 55
365 174
664 99
367 26
580 95
199 40
402 147
727 118
245 83
368 126
228 64
344 105
195 67
491 37
59 125
557 62
364 87
99 166
474 83
703 96
232 134
571 85
382 122
299 83
512 57
273 140
420 23
156 114
438 76
248 169
46 100
725 61
616 44
495 66
331 124
214 93
287 58
643 105
328 96
530 105
706 150
284 100
144 40
291 80
635 72
69 52
298 85
629 65
363 49
220 42
212 62
583 34
564 126
426 92
316 39
585 55
339 38
377 40
196 55
208 53
226 70
369 144
227 106
353 50
497 46
145 95
134 95
483 38
375 26
242 127
558 36
492 122
323 100
587 161
530 170
575 149
545 81
213 128
563 20
511 169
641 180
545 31
37 106
689 71
451 138
344 162
273 156
196 98
542 146
316 101
273 33
695 32
420 74
685 144
847 104
320 122
177 122
186 160
619 66
384 75
102 29
279 130
305 60
148 148
476 81
630 105
218 60
504 89
328 163
610 109
341 101
333 139
785 33
471 79
479 66
643 44
512 116
220 27
233 39
512 63
326 79
249 82
63 69
305 113
339 104
174 35
652 108
944 62
397 94
361 89
632 74
647 71
555 66
787 151
221 76
528 62
493 52
384 93
797 68
614 65
408 158
716 61
520 43
83 131
370 55
167 75
422 55
514 136
114 104
518 112
818 63
788 32
85 196
543 46
337 111
649 106
550 188
568 76
225 165
200 162
122 16
735 71
319 22
436 87
543 84
326 46
232 52
328 98
115 121
282 132
737 72
349 118
476 46
319 54
201 41
438 152
296 111
377 88
183 142
810 108
829 106
199 126
294 55
525 35
411 42
285 120
237 134
451 140
480 102
134 116
288 114
132 169
88 72
776 120
189 150
349 41
557 110
636 35
273 50
302 49
578 19
344 17
515 107
603 86
131 149
468 44
382 27
640 135
534 39
637 174
130 139
355 124
262 26
439 85
257 63
348 78
181 65
230 102
191 47
203 61
514 44
266 110
264 71
290 77
431 145
165 110
245 42
409 25
288 67
720 146
281 64
563 34
767 114
659 84
531 70
259 43
205 43
107 20
876 61
344 53
589 66
256 80
654 41
319 61
221 76
94 68
194 35
868 124
79 125
613 62
340 172
184 95
271 93
482 38
598 74
94 125
129 153
127 84
319 147
462 158
246 69
139 60
179 58
551 30
507 89
364 50
522 60
557 64
655 90
682 151
155 78
281 134
134 22
626 79
570 101
117 80
605 59
517 164
207 131
343 80
235 69
190 78
373 107
221 58
314 48
847 109
270 131
75 34
575 57
220 139
539 26
321 63
139 109
639 37
764 73
870 121
328 28
251 124
372 57
383 109
260 74
52 177
219 83
173 69
260 149
303 87
75 57
527 62
967 142
244 70
411 40
748 59
174 69
507 88
436 108
206 131
396 51
474 78
644 106
681 92
422 36
268 77
66 166
160 148
289 62
343 36
314 54
156 60
212 48
84 95
211 95
110 115
230 17
582 84
317 49
845 51
232 43
737 47
431 186
452 43
256 60
215 187
665 133
731 44
504 152
69 164
351 95
340 98
492 109
267 129
227 87
407 132
140 189
95 108
577 58
199 112
621 93
620 78
819 77
764 91
285 86
250 98
93 160
460 73
229 125
361 95
191 55
223 117
92 53
251 141
48 84
310 184
325 26
294 160
491 67
321 30
532 114
450 43
625 65
271 116
139 138
651 138
689 137
500 57
130 86
777 142
511 86
782 122
797 57
167 72
563 72
153 186
127 66
43 132
137 113
303 66
276 97
441 71
147 63
658 88
290 149
555 76
150 41
219 14
498 64
219 185
831 131
348 49
684 27
131 53
308 91
426 48
750 176
97 102
478 78
206 105
283 81
466 81
874 51
434 168
719 74
118 130
498 120
438 55
149 90
305 168
356 135
151 86
325 55
312 68
55 43
492 69
201 125
437 140
294 181
245 43
306 145
391 83
318 52
765 171
516 119
584 85
655 37
184 125
227 79
369 147
320 21
852 108
196 103
404 49
344 191
339 75
783 184
47 154
357 98
534 88
168 73
212 121
62 134
657 25
217 52
240 80
764 42
294 71
148 30
337 151
606 52
349 71
159 61
94 139
352 87
166 78
190 92
534 106
914 80
890 37
496 84
491 93
682 173
789 23
351 71
763 174
502 63
849 33
284 14
435 81
192 166
974 43
182 43
310 65
215 78
469 113
181 147
326 46
142 131
505 51
569 90
618 111
702 41
103 27
785 16
664 155
642 83
369 74
666 125
227 107
246 86
248 168
621 55
583 126
452 123
302 22
794 33
247 17
356 64
321 51
689 146
312 120
223 131
849 109
363 113
289 75
512 79
803 131
309 146
287 110
946 116
707 42
189 73
126 76
698 98
529 111
692 73
211 98
114 130
722 37
489 59
264 79
452 62
385 92
884 159
471 153
209 165
214 132
314 100
531 102
314 79
486 121
275 49
798 90
118 59
468 99
259 45
344 135
216 54
169 17
359 116
854 139
355 95
347 47
395 36
603 54
582 30
298 72
881 34
364 70
942 97
451 145
186 168
615 160
432 36
712 108
404 36
558 60
945 179
323 35
55 49
487 161
197 126
154 99
796 69
202 74
852 84
972 64
397 65
464 120
189 128
650 98
219 136
161 64
923 30
107 82
423 56
394 101
153 112
463 54
743 88
75 58
229 148
183 70
338 50
456 57
319 118
243 79
278 40
159 70
745 40
662 121
263 31
334 65
241 98
596 99
90 60
245 115
371 68
239 97
185 47
354 85
313 108
321 121
540 107
670 91
470 64
233 50
426 92
170 119
440 107
337 41
386 85
282 120
263 50
744 108
52 124
299 73
695 45
350 88
351 32
605 131
236 188
424 157
244 40
164 75
575 70
448 134
116 35
373 100
446 70
310 99
286 83
142 50
586 125
410 65
256 52
653 86
621 97
539 50
