3000 1000
326 155
357 93
286 36
415 112
344 77
906 164
703 100
143 138
674 173
373 81
282 64
693 90
933 94
447 104
701 134
673 120
353 160
136 93
366 171
285 95
798 126
219 56
352 86
278 70
636 75
496 155
931 126
669 111
366 97
145 117
875 132
102 131
480 131
732 94
310 84
760 85
364 41
823 22
397 67
669 69
531 66
370 50
647 18
161 52
696 88
399 136
734 44
616 86
621 48
148 66
156 61
275 168
291 57
420 95
91 63
286 74
346 81
209 163
42 88
335 100
160 172
231 86
598 61
274 88
923 78
414 93
311 102
240 56
378 82
437 174
200 151
373 85
943 107
222 74
599 65
542 142
334 40
272 89
833 22
432 120
139 61
553 123
397 84
189 95
248 129
590 65
270 47
424 69
466 118
466 185
440 117
431 46
123 55
211 35
491 48
158 72
595 70
110 131
623 70
425 92
64 78
247 76
399 20
691 26
306 66
719 134
370 81
299 106
66 72
202 92
345 115
370 156
811 127
219 88
557 104
325 64
157 100
443 105
462 42
374 86
533 68
281 85
482 96
159 50
449 69
422 108
347 160
296 78
627 47
282 61
670 184
513 81
585 134
690 107
230 29
291 121
887 98
927 61
562 92
612 40
624 15
194 87
239 146
245 59
108 90
459 175
94 16
639 93
240 70
754 53
335 67
228 83
599 42
157 113
371 70
399 35
563 45
542 108
433 91
213 183
669 46
342 153
269 65
486 33
253 102
761 113
321 35
83 136
247 64
452 58
621 109
455 54
546 74
853 179
115 99
836 127
434 93
507 125
523 128
196 36
189 180
639 138
197 94
822 69
719 71
78 87
517 135
461 98
665 129
34 153
148 140
360 110
625 122
327 164
534 82
583 110
466 46
105 55
426 63
647 39
360 32
821 89
270 15
243 163
195 100
473 136
651 108
733 104
456 144
448 84
299 32
682 23
679 89
622 59
295 127
114 57
441 89
211 113
170 36
341 64
260 138
556 30
220 44
64 115
539 111
449 56
217 63
511 16
913 59
427 189
449 40
341 49
144 109
588 78
478 49
799 79
698 79
320 30
626 51
532 54
420 120
355 96
583 47
728 84
269 50
753 151
486 55
356 50
237 97
187 128
192 67
150 162
456 33
433 95
454 91
331 59
186 49
344 138
257 58
406 194
237 73
93 77
356 71
128 56
283 59
429 61
142 33
424 77
48 107
503 62
536 72
810 64
486 170
373 80
611 60
216 178
388 110
173 148
533 105
637 103
142 80
586 56
244 30
416 90
67 122
418 54
662 103
237 76
74 99
247 52
786 153
480 181
324 83
321 64
507 22
536 149
219 115
192 59
574 172
139 85
534 133
391 45
82 49
539 90
188 163
750 69
39 40
558 126
938 147
792 49
509 45
186 40
241 66
555 146
408 104
731 109
625 88
510 79
463 103
429 28
134 118
709 59
301 28
342 162
395 114
847 138
683 183
631 148
710 42
354 62
685 31
488 92
253 117
393 100
418 50
300 108
398 77
422 121
478 57
414 35
462 26
203 80
951 111
878 69
400 55
365 174
664 99
367 26
580 95
199 40
402 147
727 118
245 83
368 126
228 64
344 105
195 67
491 37
59 125
557 62
364 87
99 166
474 83
703 96
232 134
571 85
382 122
299 83
512 57
273 140
420 23
156 114
438 76
248 169
46 100
725 61
616 44
495 66
331 124
214 93
287 58
643 105
328 96
530 105
706 150
284 100
144 40
291 80
635 72
69 52
298 85
629 65
363 49
220 42
212 62
583 34
564 126
426 92
316 39
585 55
339 38
377 40
196 55
208 53
226 70
369 144
227 106
353 50
497 46
145 95
134 95
483 38
375 26
242 127
558 36
492 122
323 100
587 161
530 170
575 149
545 81
213 128
563 20
511 169
641 180
545 31
37 106
689 71
451 138
344 162
273 156
196 98
542 146
316 101
273 33
695 32
420 74
685 144
847 104
320 122
177 122
186 160
619 66
384 75
102 29
279 130
305 60
148 148
476 81
630 105
218 60
504 89
328 163
610 109
341 101
333 139
785 33
471 79
479 66
643 44
512 116
220 27
233 39
512 63
326 79
249 82
63 69
305 113
339 104
174 35
652 108
944 62
397 94
361 89
632 74
647 71
555 66
787 151
221 76
528 62
493 52
384 93
797 68
614 65
408 158
716 61
520 43
83 131
370 55
167 75
422 55
514 136
114 104
518 112
818 63
788 32
85 196
543 46
337 111
649 106
550 188
568 76
225 165
200 162
122 16
735 71
319 22
436 87
543 84
326 46
232 52
328 98
115 121
282 132
737 72
349 118
476 46
319 54
201 41
438 152
296 111
377 88
183 142
810 108
829 106
199 126
294 55
525 35
411 42
285 120
237 134
451 140
480 102
134 116
288 114
132 169
88 72
776 120
189 150
349 41
557 110
636 35
273 50
302 49
578 19
344 17
515 107
603 86
131 149
468 44
382 27
640 135
534 39
637 174
130 139
355 124
262 26
439 85
257 63
348 78
181 65
230 102
191 47
203 61
514 44
266 110
264 71
290 77
431 145
165 110
245 42
409 25
288 67
720 146
281 64
563 34
767 114
659 84
531 70
259 43
205 43
107 20
876 61
344 53
589 66
256 80
654 41
319 61
221 76
94 68
194 35
868 124
79 125
613 62
340 172
184 95
271 93
482 38
598 74
94 125
129 153
127 84
319 147
462 158
246 69
139 60
179 58
551 30
507 89
364 50
522 60
557 64
655 90
682 151
155 78
281 134
134 22
626 79
570 101
117 80
605 59
517 164
207 131
343 80
235 69
190 78
373 107
221 58
314 48
847 109
270 131
75 34
575 57
220 139
539 26
321 63
139 109
639 37
764 73
870 121
328 28
251 124
372 57
383 109
260 74
52 177
219 83
173 69
260 149
303 87
75 57
527 62
967 142
244 70
411 40
748 59
174 69
507 88
436 108
206 131
396 51
474 78
644 106
681 92
422 36
268 77
66 166
160 148
289 62
343 36
314 54
156 60
212 48
84 95
211 95
110 115
230 17
582 84
317 49
845 51
232 43
737 47
431 186
452 43
256 60
215 187
665 133
731 44
504 152
69 164
351 95
340 98
492 109
267 129
227 87
407 132
140 189
95 108
577 58
199 112
621 93
620 78
819 77
764 91
285 86
250 98
93 160
460 73
229 125
361 95
191 55
223 117
92 53
251 141
48 84
310 184
325 26
294 160
491 67
321 30
532 114
450 43
625 65
271 116
139 138
651 138
689 137
500 57
130 86
777 142
511 86
782 122
797 57
167 72
563 72
153 186
127 66
43 132
137 113
303 66
276 97
441 71
147 63
658 88
290 149
555 76
150 41
219 14
498 64
219 185
831 131
348 49
684 27
131 53
308 91
426 48
750 176
97 102
478 78
206 105
283 81
466 81
874 51
434 168
719 74
118 130
498 120
438 55
149 90
305 168
356 135
151 86
325 55
312 68
55 43
492 69
201 125
437 140
294 181
245 43
306 145
391 83
318 52
765 171
516 119
584 85
655 37
184 125
227 79
369 147
320 21
852 108
196 103
404 49
344 191
339 75
783 184
47 154
357 98
534 88
168 73
212 121
62 134
657 25
217 52
240 80
764 42
294 71
148 30
337 151
606 52
349 71
159 61
94 139
352 87
166 78
190 92
534 106
914 80
890 37
496 84
491 93
682 173
789 23
351 71
763 174
502 63
849 33
284 14
435 81
192 166
974 43
182 43
310 65
215 78
469 113
181 147
326 46
142 131
505 51
569 90
618 111
702 41
103 27
785 16
664 155
642 83
369 74
666 125
227 107
246 86
248 168
621 55
583 126
452 123
302 22
794 33
247 17
356 64
321 51
689 146
312 120
223 131
849 109
363 113
289 75
512 79
803 131
309 146
287 110
946 116
707 42
189 73
126 76
698 98
529 111
692 73
211 98
114 130
722 37
489 59
264 79
452 62
385 92
884 159
471 153
209 165
214 132
314 100
531 102
314 79
486 121
275 49
798 90
118 59
468 99
259 45
344 135
216 54
169 17
359 116
854 139
355 95
347 47
395 36
603 54
582 30
298 72
881 34
364 70
942 97
451 145
186 168
615 160
432 36
712 108
404 36
558 60
945 179
323 35
55 49
487 161
197 126
154 99
796 69
202 74
852 84
972 64
397 65
464 120
189 128
650 98
219 136
161 64
923 30
107 82
423 56
394 101
153 112
463 54
743 88
75 58
229 148
183 70
338 50
456 57
319 118
243 79
278 40
159 70
745 40
662 121
263 31
334 65
241 98
596 99
90 60
245 115
371 68
239 97
185 47
354 85
313 108
321 121
540 107
670 91
470 64
233 50
426 92
170 119
440 107
337 41
386 85
282 120
263 50
744 108
52 124
299 73
695 45
350 88
351 32
605 131
236 188
424 157
244 40
164 75
575 70
448 134
116 35
373 100
446 70
310 99
286 83
142 50
586 125
410 65
256 52
653 86
621 97
539 50
222 50
207 48
204 31
590 101
354 71
258 56
60 108
263 72
749 127
269 82
294 130
637 56
755 83
438 166
168 34
489 118
758 55
604 129
434 56
99 73
379 62
356 104
332 63
423 116
622 143
569 61
60 93
230 95
621 102
201 43
741 127
501 43
472 100
253 75
242 94
664 68
294 103
264 62
252 109
280 137
314 51
725 53
458 41
358 103
169 94
532 121
197 190
539 138
545 158
169 76
682 96
605 118
568 82
272 92
813 65
446 66
620 59
305 89
675 58
194 97
721 38
211 90
504 125
507 53
202 173
171 56
661 147
174 130
520 87
83 61
188 91
142 126
494 59
217 54
169 43
618 133
614 60
132 86
212 44
53 37
473 167
808 70
634 47
313 130
181 55
384 127
369 140
363 144
408 151
285 69
887 70
589 104
204 22
132 105
353 83
677 115
88 113
686 149
653 70
179 87
127 53
209 54
778 66
400 76
901 74
182 56
43 131
161 83
484 95
809 134
347 138
610 40
474 39
299 71
303 26
206 98
48 73
259 136
828 78
425 118
925 135
291 43
576 78
594 144
167 182
194 100
237 60
221 17
306 90
302 80
661 112
608 73
285 34
539 53
191 100
558 76
361 33
483 93
105 178
826 53
515 133
167 60
784 111
129 141
199 154
123 173
573 60
168 50
268 75
268 175
787 125
303 80
652 113
162 61
351 67
154 78
417 63
524 152
524 78
669 86
696 80
606 86
469 143
142 52
219 44
808 161
354 100
821 123
158 172
454 176
234 62
253 76
261 102
255 104
722 109
203 86
288 129
532 116
516 149
315 94
362 122
237 140
281 120
367 101
453 98
88 103
569 62
233 160
579 140
284 122
300 89
677 69
452 64
900 123
400 124
288 82
485 94
485 177
124 55
148 28
344 36
271 156
214 86
286 187
820 39
187 136
190 122
464 133
170 37
454 90
182 128
228 71
332 81
324 53
611 45
263 77
878 167
374 149
411 172
685 112
40 102
194 162
475 42
129 80
493 45
588 134
130 49
864 141
213 86
317 60
750 152
183 82
441 61
714 70
483 36
156 23
465 74
239 31
782 116
262 72
287 114
761 89
131 56
892 127
360 73
221 70
289 77
732 73
553 69
673 122
546 112
386 100
392 175
327 183
168 81
570 102
255 102
204 122
633 26
665 84
399 103
501 40
624 56
713 21
653 100
233 129
315 33
108 140
493 152
310 76
482 37
393 13
138 43
119 169
311 31
841 153
102 91
60 48
175 124
163 69
37 64
736 28
334 145
802 127
572 32
357 86
256 90
444 152
126 69
648 66
881 34
852 86
378 109
187 40
209 92
334 56
276 151
197 137
796 149
618 140
308 109
227 168
399 39
92 174
383 56
543 76
421 73
151 101
862 123
389 160
478 98
96 114
401 101
190 90
527 117
128 70
277 82
632 144
355 104
218 133
801 44
55 100
468 185
692 42
578 39
349 66
798 90
304 61
669 159
455 52
194 102
323 58
364 28
90 88
433 58
252 125
430 65
571 100
312 60
80 32
201 106
304 152
168 71
307 63
316 126
440 165
144 79
81 80
107 70
265 109
137 146
274 84
705 121
625 103
608 69
601 49
531 98
310 102
116 51
90 34
219 43
764 51
586 52
215 135
791 157
409 69
347 34
245 31
336 51
665 69
214 139
590 77
726 44
495 64
620 42
572 151
59 108
532 82
180 61
379 78
330 59
121 107
928 98
609 93
296 155
133 82
683 117
697 49
193 162
76 97
651 133
460 44
486 34
79 170
138 77
186 122
311 59
262 118
470 31
453 41
400 123
772 134
192 63
276 76
356 99
71 58
146 143
542 61
373 91
241 113
49 101
306 29
283 87
243 127
771 61
172 120
447 73
277 39
180 56
198 46
467 102
344 48
736 102
955 118
245 102
499 10
569 130
538 117
733 135
877 97
211 126
411 42
296 65
293 89
338 55
641 93
266 77
571 121
153 68
510 106
364 79
310 116
49 32
422 148
406 107
780 79
893 90
395 31
732 113
391 138
155 71
457 78
76 57
709 100
305 82
602 105
271 165
241 100
748 105
378 60
212 152
487 58
378 103
467 59
249 91
927 82
349 69
198 45
380 46
345 54
246 23
353 75
435 91
289 46
182 22
488 120
206 63
168 135
629 84
647 73
423 36
726 125
170 30
615 79
696 82
821 90
127 62
533 152
269 92
345 70
431 48
534 54
316 165
587 58
235 67
325 52
302 101
274 101
324 67
236 68
231 130
331 97
413 68
378 65
261 84
122 126
247 169
354 85
720 135
450 26
506 94
192 70
480 154
409 33
649 68
510 126
133 166
163 116
259 67
699 52
157 132
110 79
183 69
622 18
463 81
504 76
563 77
835 151
700 55
257 126
336 99
306 23
691 114
264 90
167 60
634 174
750 134
306 64
450 151
609 71
399 33
725 34
233 73
304 102
111 63
260 48
319 68
729 137
144 123
286 84
723 57
189 43
369 154
603 85
147 91
37 98
492 144
207 112
195 51
438 43
236 39
197 22
480 123
607 55
939 104
762 143
197 71
385 114
587 123
161 79
476 98
428 98
451 103
552 177
366 91
412 168
574 61
296 70
160 84
442 104
822 68
545 63
386 29
133 111
324 63
112 77
485 75
555 85
467 142
366 35
279 63
340 113
355 128
328 48
163 47
254 53
888 86
167 62
408 40
238 59
142 13
167 93
186 62
615 127
333 75
828 18
692 79
282 72
174 126
309 105
303 121
224 70
315 50
47 65
753 121
240 69
227 125
72 124
80 65
372 105
794 96
190 56
764 42
281 128
114 69
273 73
417 171
791 72
301 45
51 62
125 169
644 99
459 60
211 166
338 116
254 39
470 175
165 93
217 32
425 67
842 92
500 118
111 68
596 65
626 125
761 66
368 118
727 108
83 156
258 165
649 114
258 33
175 158
489 101
488 133
328 92
274 45
816 171
467 110
732 87
472 116
610 50
207 127
321 107
650 147
572 97
371 118
537 103
496 155
386 65
909 77
182 170
660 87
712 120
228 55
186 154
506 98
272 21
579 110
363 69
338 126
643 59
776 118
519 98
311 36
839 39
65 123
731 100
269 38
404 132
224 158
504 74
472 121
58 82
333 119
451 165
615 134
833 121
366 175
533 146
910 152
636 71
212 140
684 134
543 61
230 64
259 99
626 114
339 83
520 133
223 37
158 50
376 115
298 93
264 106
119 141
611 110
798 63
569 104
185 71
549 64
525 38
810 63
252 112
824 192
193 47
753 89
170 152
170 60
468 72
106 160
322 118
358 36
734 29
595 72
781 52
327 160
259 96
655 162
228 98
851 61
311 100
445 95
314 104
547 97
128 143
690 141
224 104
557 106
798 39
557 118
628 91
486 103
926 82
487 38
452 80
308 114
675 18
547 79
583 43
442 139
309 109
582 73
426 46
283 115
620 139
390 135
264 138
501 81
164 107
305 128
482 47
733 44
774 17
448 89
198 195
239 122
632 99
561 177
174 98
393 137
284 47
430 132
553 113
305 128
291 126
639 42
325 45
398 175
907 59
195 100
853 94
677 57
243 55
101 102
394 56
395 79
689 79
295 90
628 88
163 100
574 66
256 121
436 92
195 84
310 126
145 66
158 161
547 89
411 145
191 58
125 50
150 136
467 61
362 61
279 101
360 51
124 90
447 109
525 45
386 80
420 145
224 127
581 48
599 135
668 151
451 34
540 134
129 68
150 145
244 65
52 77
439 72
209 137
591 69
743 70
158 116
57 77
593 117
372 33
228 68
434 58
555 111
659 57
213 189
571 110
386 59
296 35
213 122
398 24
378 139
248 52
663 36
302 104
454 103
536 120
889 83
843 101
246 98
656 38
630 55
370 26
578 77
339 66
455 150
351 77
575 67
637 129
530 80
320 36
270 46
265 83
55 62
551 120
632 108
100 154
364 59
431 88
302 96
184 47
556 165
184 42
431 122
551 64
251 104
206 140
498 184
581 87
368 113
313 71
244 69
237 54
475 69
317 60
575 55
500 109
426 133
460 29
216 42
222 110
98 116
477 85
244 132
894 151
172 57
433 66
941 170
197 130
229 153
676 113
286 85
172 125
782 183
513 38
499 36
137 60
720 66
226 91
571 123
735 141
689 43
250 50
229 80
106 115
266 125
202 158
504 139
413 53
67 78
378 93
171 48
328 153
305 110
341 24
249 70
402 34
168 126
779 59
204 144
328 137
391 128
85 133
125 152
144 46
457 96
122 98
307 34
477 107
336 107
655 85
722 48
406 26
324 91
122 129
176 158
246 92
182 117
173 110
427 123
510 67
346 133
331 114
660 62
509 50
260 103
709 59
457 103
210 102
287 125
90 158
416 103
364 110
314 31
540 69
181 83
287 135
696 82
150 59
522 82
217 109
606 40
377 90
275 79
269 82
329 158
672 139
312 146
236 113
439 62
557 68
357 35
252 50
730 58
65 40
890 90
50 112
437 67
225 101
245 60
639 64
469 90
258 78
703 136
195 104
659 115
729 59
746 66
273 134
422 100
151 41
561 66
372 14
358 114
430 36
421 154
203 32
295 64
496 168
738 58
799 191
192 128
287 106
228 124
521 100
497 158
374 171
308 26
124 62
242 81
648 62
233 118
437 97
104 60
711 33
581 73
53 86
403 72
474 185
122 79
581 107
167 109
111 104
73 117
164 68
506 189
773 146
192 27
622 61
412 129
218 116
828 91
166 69
160 124
824 97
159 24
868 82
191 14
270 73
373 42
863 79
196 105
163 18
571 97
363 101
425 124
219 179
614 62
159 29
104 58
404 114
600 56
215 42
964 130
203 105
636 113
565 34
755 124
436 28
197 89
318 69
604 21
440 153
573 66
360 51
101 135
97 34
507 84
65 111
178 106
506 107
742 76
578 128
627 11
437 121
101 132
494 121
199 123
348 38
721 64
698 77
327 92
210 146
443 131
377 89
162 143
764 105
241 123
369 138
197 37
269 118
885 35
415 59
676 171
202 63
82 175
505 135
175 56
889 159
598 99
527 64
243 137
346 23
324 71
253 147
731 54
609 40
332 78
393 31
168 142
441 26
500 54
456 21
674 104
325 154
430 90
423 137
317 93
446 75
217 144
276 33
408 103
267 79
236 57
224 135
338 104
803 106
267 73
457 56
479 113
788 78
635 36
504 76
148 64
222 119
461 151
323 139
430 93
678 126
328 115
474 134
619 77
59 52
431 123
136 102
738 92
466 85
262 106
183 77
135 69
336 95
820 119
231 146
539 85
761 126
640 33
379 33
475 87
240 32
268 90
177 66
955 104
253 42
84 117
437 74
64 136
343 52
292 27
646 70
642 81
246 42
344 74
457 49
196 85
330 61
206 109
609 87
357 133
258 103
407 59
483 46
126 102
129 99
245 79
762 160
350 169
466 84
681 130
854 159
199 59
585 51
501 72
412 93
308 79
282 194
276 149
209 59
402 97
217 61
541 35
378 39
214 40
94 124
510 20
266 110
264 49
806 116
556 46
287 43
369 57
194 134
559 81
311 148
675 35
531 97
280 115
618 135
347 80
240 75
512 55
113 133
308 120
815 80
224 120
523 128
100 54
307 108
62 32
341 132
573 145
604 37
597 52
600 73
216 120
915 128
799 113
344 68
266 12
329 116
877 129
859 84
124 69
405 56
583 84
44 125
190 54
258 93
165 90
194 39
394 158
328 135
303 39
138 103
773 45
519 80
204 52
622 24
310 46
319 60
270 90
809 125
836 84
734 135
636 47
517 81
277 47
105 105
625 73
209 115
308 92
347 95
744 73
194 76
489 102
428 84
431 76
344 98
129 82
129 157
218 108
611 82
201 155
500 69
328 70
224 65
219 35
468 54
599 74
737 86
295 97
525 161
58 124
180 129
220 139
402 90
227 141
719 85
242 104
363 71
194 82
360 37
361 78
200 118
359 148
380 76
190 53
654 71
322 175
657 132
422 107
283 100
585 66
706 51
172 110
442 62
291 100
872 74
461 42
547 104
617 34
620 102
234 173
487 68
119 121
352 113
162 131
143 86
223 125
220 140
539 32
708 184
178 177
291 115
312 66
447 68
565 42
175 85
172 130
502 145
715 97
468 72
142 46
225 55
164 105
779 77
616 73
81 30
372 74
378 124
262 55
741 58
322 97
652 39
300 89
931 128
282 81
189 96
452 180
211 158
224 148
256 116
836 72
139 102
654 128
297 128
797 159
615 101
641 53
388 67
127 132
663 37
226 66
191 177
506 30
516 78
238 66
383 107
528 77
80 164
408 84
574 25
526 131
67 150
523 46
546 12
280 104
203 164
694 56
306 64
280 127
245 131
420 62
494 113
209 29
224 62
222 50
215 92
91 45
293 52
425 53
329 57
85 74
42 173
310 100
402 103
810 128
138 111
269 103
91 112
590 49
641 113
67 176
341 65
586 54
708 122
408 62
884 120
402 80
622 109
182 112
426 82
255 41
623 35
670 108
189 17
930 119
256 50
249 95
218 145
783 109
483 62
231 119
707 83
223 84
503 51
239 39
510 51
530 162
290 34
126 68
256 30
798 115
368 63
600 39
326 51
103 39
250 171
392 88
264 99
309 163
475 44
250 57
380 69
408 72
691 29
245 71
397 58
344 118
603 142
542 118
405 112
810 28
804 49
701 88
232 159
172 132
563 91
387 104
170 78
409 44
70 64
329 55
115 43
897 31
276 81
565 78
82 55
367 68
537 43
472 145
174 120
89 100
701 56
268 44
286 92
49 55
265 149
333 40
204 78
693 62
400 63
347 51
126 96
334 28
210 58
641 96
676 47
868 65
239 66
69 147
140 76
296 77
783 25
257 89
416 177
295 108
199 94
605 94
479 117
586 154
410 102
812 63
477 156
721 62
349 108
344 53
690 65
246 65
129 46
605 91
175 56
519 119
422 154
168 44
338 143
368 78
399 60
236 108
231 98
117 140
205 84
581 65
169 163
573 110
93 40
356 40
524 63
228 75
287 128
505 164
84 122
318 18
174 63
119 69
296 62
99 94
99 100
147 106
544 39
311 86
751 165
537 181
248 43
558 74
56 79
781 104
449 60
251 56
505 136
281 63
671 28
470 180
166 15
638 76
580 39
122 111
637 100
596 95
581 122
446 68
543 115
428 120
381 67
173 150
603 102
839 88
209 94
344 83
296 95
135 171
301 125
98 50
768 101
610 79
758 44
249 105
278 43
592 35
752 93
633 25
943 146
406 124
623 81
374 145
130 37
120 107
456 178
588 80
302 158
910 89
180 173
507 55
91 87
433 78
656 79
195 22
448 123
367 83
520 97
271 97
125 116
446 137
797 124
412 66
51 89
512 48
189 93
725 133
483 70
399 121
531 168
174 55
700 57
554 40
109 105
482 146
208 94
757 80
587 93
173 99
417 85
424 55
366 98
599 72
527 31
649 137
605 44
684 156
298 93
372 145
400 176
768 23
553 41
942 147
460 136
273 148
286 76
522 83
223 119
144 57
437 132
470 56
412 160
266 66
450 68
148 47
822 89
856 166
317 163
504 66
219 57
747 136
615 157
163 53
443 134
565 125
158 66
229 129
875 98
310 112
391 113
331 74
800 42
163 139
252 58
856 189
322 41
417 69
533 102
135 81
343 54
189 132
845 167
368 77
272 32
495 126
786 43
269 48
399 97
330 126
760 193
616 137
409 132
225 120
823 104
260 135
528 134
772 70
175 120
339 98
592 54
403 46
298 34
552 85
767 51
404 35
212 71
510 63
649 67
157 61
720 101
105 163
862 68
411 131
364 72
814 57
360 142
58 73
134 114
285 122
593 107
182 168
218 87
458 34
573 123
645 130
706 92
606 83
656 131
571 119
846 88
872 120
874 22
186 111
457 151
520 96
897 135
283 93
490 46
338 134
186 159
337 67
86 99
86 122
364 76
297 170
169 107
312 112
448 46
730 63
511 101
355 15
393 71
412 128
333 73
783 155
523 113
755 57
468 52
490 123
615 82
294 51
928 106
131 86
695 50
318 82
818 132
378 150
291 100
278 163
690 72
129 37
165 67
249 48
409 58
389 54
604 80
758 45
310 118
390 87
400 101
391 61
177 105
446 65
408 58
258 79
888 73
647 175
488 27
142 90
435 114
320 61
185 154
907 36
128 51
793 111
200 98
157 75
439 85
181 103
194 113
123 81
268 108
179 114
203 46
202 108
282 102
791 85
15 162
449 107
288 108
256 66
345 40
168 32
274 78
401 62
117 73
207 159
243 30
114 57
675 137
461 25
83 83
272 97
88 79
323 41
175 109
240 60
435 132
134 64
614 73
256 62
295 99
87 44
397 73
360 131
179 34
710 25
442 52
683 66
651 35
235 82
124 178
263 114
316 117
505 54
279 124
296 41
364 31
208 152
572 114
211 42
686 69
304 67
402 82
261 94
155 57
338 109
249 153
289 127
379 132
530 108
66 112
420 77
247 78
86 17
709 70
176 114
531 91
608 25
657 135
259 125
685 78
619 78
271 136
351 72
616 62
340 80
620 57
906 61
188 58
369 95
417 118
127 148
192 44
231 109
316 79
344 87
183 184
345 33
212 90
92 114
229 68
789 69
218 143
115 133
845 92
740 55
310 70
206 102
295 34
355 38
251 143
635 133
616 67
386 33
293 89
138 101
596 105
319 91
157 49
166 47
727 96
381 60
502 83
638 143
941 106
639 42
317 61
207 74
322 137
624 164
84 130
450 75
202 53
125 42
659 71
79 113
227 61
236 66
244 26
647 19
17 19
498 45
944 73
495 62
408 53
515 98
361 67
168 110
537 101
268 116
665 69
223 133
624 44
220 126
256 92
318 143
404 50
508 56
848 90
590 142
138 64
144 153
765 90
473 118
233 99
500 99
191 44
219 61
124 45
443 60
547 43
102 53
350 135
856 76
265 53
725 19
221 115
463 161
729 86
467 93
152 81
228 40
416 53
342 35
42 102
147 64
157 116
704 78
532 68
