10000 1500
326 103
757 61
357 146
419 18
286 30
125 118
415 126
518 84
344 147
332 57
906 40
805 92
703 50
452 74
143 108
660 30
674 66
856 63
373 167
350 149
282 89
260 151
693 41
398 105
933 57
422 75
447 134
480 114
701 67
640 139
673 77
565 59
353 143
786 102
136 71
418 56
366 78
845 46
285 91
429 132
798 141
597 16
219 90
216 115
352 131
376 42
278 134
288 111
636 141
318 96
496 78
756 75
931 37
598 105
669 108
516 98
366 25
439 134
145 52
546 103
875 119
632 102
102 82
624 84
480 63
625 160
732 95
423 24
310 65
367 63
760 105
374 62
364 104
146 75
823 69
60 103
397 84
276 195
669 67
286 87
531 96
269 72
370 114
187 43
647 116
45 53
161 46
196 75
696 119
388 86
399 75
650 150
734 38
161 101
616 112
378 64
621 48
177 75
148 30
267 149
156 124
240 83
275 102
827 71
291 113
221 45
420 90
430 61
91 68
253 74
286 82
312 64
346 36
353 36
209 32
801 104
42 73
388 134
335 70
457 42
160 72
849 120
231 83
378 66
598 148
240 101
274 80
390 53
923 85
335 188
414 76
414 98
311 91
468 69
240 152
215 171
378 109
354 161
437 80
860 77
200 68
732 111
373 52
371 148
943 134
494 94
222 95
315 120
599 45
261 115
542 55
684 55
334 19
141 61
272 76
393 21
833 77
61 156
432 101
565 102
139 54
241 82
553 163
580 60
397 39
370 75
189 77
429 47
248 103
611 51
590 183
266 166
270 185
172 144
424 74
283 117
466 151
554 56
466 66
922 136
440 80
546 87
431 44
170 73
123 64
213 150
211 67
118 61
491 134
179 100
158 144
304 134
595 53
289 80
110 49
622 161
623 67
290 126
425 62
413 139
64 47
334 72
247 30
322 55
399 127
51 135
691 129
79 101
306 129
270 128
719 77
642 130
370 61
354 95
299 69
488 144
66 113
302 68
202 73
410 67
345 19
537 69
370 55
760 55
811 27
605 70
219 163
388 57
557 123
477 159
325 54
257 123
157 98
456 171
443 103
485 79
462 26
153 130
374 138
377 96
533 81
277 141
281 73
375 97
482 139
433 66
159 122
188 94
449 127
283 44
422 144
496 109
347 126
782 67
296 39
332 30
627 79
172 21
282 55
243 34
670 160
917 57
513 107
353 111
585 142
639 77
690 39
491 63
230 29
94 162
291 131
569 42
887 78
441 62
927 24
242 144
562 58
409 60
612 62
142 107
624 64
29 50
194 161
386 89
239 98
706 85
245 130
231 69
108 155
400 74
459 93
863 171
94 84
36 111
639 107
418 165
240 84
290 120
754 57
202 137
335 34
277 112
228 174
362 90
599 101
152 82
157 113
528 30
371 54
293 63
399 81
120 143
563 104
163 109
542 116
499 111
433 35
405 152
213 121
909 125
669 177
168 113
342 104
745 77
269 49
263 92
486 74
110 157
253 104
466 41
761 116
527 47
321 164
121 70
83 102
650 34
247 70
259 132
452 148
226 74
621 168
507 144
455 149
204 99
546 158
310 102
853 61
886 38
115 96
452 69
836 60
605 129
434 50
416 27
507 88
590 150
523 64
610 154
196 96
122 55
189 141
891 83
639 23
660 67
197 176
421 58
822 150
285 130
719 101
298 134
78 97
386 124
517 97
646 54
461 88
441 122
665 114
613 62
34 92
747 138
148 96
674 142
360 148
512 97
625 154
576 88
327 54
803 34
534 118
358 86
583 102
507 113
466 157
168 62
105 180
210 36
426 51
253 45
647 49
137 36
360 149
106 19
821 65
397 71
270 73
28 56
243 142
802 80
195 61
455 154
473 145
649 28
651 143
497 112
733 61
478 75
456 130
693 51
448 37
368 137
299 65
108 48
682 132
67 59
679 50
393 34
622 116
231 73
295 105
602 75
114 107
223 187
441 113
395 118
211 42
526 38
170 114
126 89
341 50
258 122
260 66
662 67
556 33
99 117
220 135
159 40
64 44
535 79
539 67
516 77
449 32
217 79
217 66
253 54
511 74
32 162
913 58
232 50
427 118
941 145
449 95
144 71
341 12
183 36
144 84
505 72
588 55
334 104
478 127
181 129
799 69
342 95
698 125
338 135
320 43
97 131
626 143
190 56
532 95
208 58
420 38
567 175
355 158
433 42
583 108
175 128
728 111
366 81
269 76
187 49
753 49
732 23
486 132
209 45
356 121
189 31
237 124
437 24
187 147
607 63
192 114
272 63
150 140
793 39
456 75
111 95
433 100
429 61
454 84
405 32
331 117
232 88
186 58
183 80
344 123
662 89
257 66
226 120
406 39
968 48
237 58
308 79
93 64
330 136
356 68
296 52
128 71
214 188
283 77
233 169
429 34
240 90
142 92
111 38
424 32
327 66
48 55
494 70
503 53
249 47
536 65
301 37
810 139
260 58
486 114
837 117
373 37
344 64
611 62
238 50
216 114
882 77
388 79
507 23
173 45
718 49
533 125
484 62
637 86
470 73
142 56
344 96
586 161
213 46
244 45
96 96
416 27
398 155
67 62
577 64
418 49
207 83
662 173
471 54
237 142
322 44
74 93
450 60
247 21
195 68
786 92
746 50
480 69
900 119
324 48
361 61
321 43
257 164
507 98
61 92
536 93
722 116
219 77
535 122
192 136
233 90
574 80
848 87
139 22
375 155
534 57
634 122
391 129
166 111
82 75
182 33
539 48
398 155
188 95
798 41
750 84
283 73
39 53
142 70
558 94
600 56
938 61
715 129
792 70
182 47
509 132
165 85
186 25
141 68
241 112
267 105
555 137
705 117
408 136
475 93
731 86
503 89
625 109
388 43
510 35
341 80
463 83
472 54
429 70
88 20
134 77
553 170
709 145
228 164
301 46
86 79
342 67
795 88
395 19
530 32
847 59
663 142
683 112
911 51
631 75
716 105
710 96
153 78
354 154
248 36
685 100
101 64
488 90
412 39
253 102
549 92
393 132
455 41
418 152
189 78
300 45
498 90
398 106
329 35
422 155
571 98
478 161
221 57
414 63
120 56
462 39
80 24
203 113
343 70
951 87
514 49
878 73
286 64
400 90
210 53
365 105
858 177
664 113
449 96
367 74
79 162
580 170
428 51
199 72
140 58
402 107
709 67
727 109
551 83
245 129
360 99
368 76
595 93
228 73
257 52
344 103
483 19
195 92
276 178
491 77
129 97
59 155
594 41
557 117
246 78
364 70
386 129
99 115
814 66
474 134
363 29
703 135
435 36
232 60
642 179
571 118
374 89
382 38
573 35
299 107
361 63
512 138
221 125
273 107
675 124
420 64
67 50
156 59
529 46
438 162
322 52
248 103
835 35
46 172
455 144
725 139
241 129
616 91
162 44
495 81
270 133
331 56
589 125
214 119
416 56
287 77
225 137
643 64
481 79
328 38
432 83
530 102
481 75
706 89
730 31
284 98
454 74
144 50
141 88
291 79
346 56
635 51
300 70
69 114
198 93
298 95
373 141
629 88
265 113
363 106
183 88
220 94
149 83
212 177
246 69
583 54
114 43
564 71
597 69
426 38
413 37
316 114
138 55
585 41
209 86
339 105
132 115
377 98
143 74
196 69
211 145
208 66
203 111
226 121
291 104
369 87
698 102
227 85
487 49
353 48
188 48
497 53
169 112
145 36
425 190
134 90
425 80
483 62
131 65
375 123
80 92
242 107
601 102
558 36
126 76
492 39
574 55
323 152
457 54
587 76
788 64
530 149
839 61
575 124
724 155
545 163
351 41
213 133
606 67
563 42
51 88
511 51
830 73
641 66
893 85
545 68
102 89
37 140
488 114
689 69
299 83
451 43
665 100
344 74
795 108
273 87
763 56
196 70
444 93
542 149
709 166
316 60
462 106
273 81
110 132
695 103
106 37
420 33
311 110
685 83
698 96
847 60
478 47
320 32
577 34
177 191
575 123
186 150
781 18
619 93
267 103
384 128
316 83
102 81
94 84
279 93
617 57
305 125
236 46
148 113
719 56
476 99
350 98
630 71
482 70
218 107
238 45
504 93
398 92
328 111
799 40
610 157
506 62
341 95
461 81
333 27
666 82
785 109
112 64
471 126
341 114
479 150
270 91
643 113
158 120
512 122
543 140
220 51
85 58
233 68
137 73
512 109
254 162
326 60
343 123
249 100
357 53
63 54
288 174
305 154
524 84
339 138
479 73
174 176
122 25
652 92
498 179
944 174
248 158
397 137
422 63
361 67
397 31
632 49
313 81
647 148
298 79
555 137
271 172
787 67
735 45
221 88
321 66
528 146
248 89
493 72
196 196
384 48
417 27
797 67
283 129
614 55
265 111
408 115
771 154
716 60
240 108
520 40
154 59
83 57
623 73
370 31
212 43
167 63
320 43
422 106
212 67
514 66
654 102
114 101
478 151
518 67
519 67
818 147
252 78
788 71
104 34
85 87
981 77
543 81
170 97
337 40
513 123
649 56
487 101
550 134
935 34
568 193
323 84
225 78
808 53
200 124
795 53
122 27
34 122
735 122
294 83
319 52
62 79
436 109
386 160
543 66
365 120
326 116
171 119
232 56
197 118
328 49
442 111
115 100
568 78
282 102
631 95
737 56
300 126
349 121
553 107
476 94
169 66
319 29
206 84
201 91
146 146
438 85
740 60
296 97
518 138
377 88
391 38
183 82
683 120
810 129
500 146
829 92
490 57
199 127
597 48
294 144
209 34
525 101
118 33
411 69
150 43
285 60
563 113
237 92
643 134
451 167
675 59
480 59
465 59
134 119
540 68
288 34
532 35
132 165
834 100
88 69
300 62
776 74
567 58
189 55
728 98
349 72
149 41
557 111
512 96
636 128
118 101
273 169
187 80
302 16
183 136
578 15
47 12
344 116
39 25
515 34
493 177
603 57
380 101
131 34
723 146
468 74
160 177
382 34
85 45
640 81
645 90
534 176
136 143
637 71
857 171
130 118
670 61
355 44
589 65
262 193
77 60
439 63
375 125
257 57
253 135
348 60
335 175
181 95
264 56
230 164
469 80
191 67
176 123
203 104
241 79
514 134
159 108
266 102
512 122
264 129
295 49
290 36
331 157
431 103
701 108
165 152
511 91
245 132
150 70
409 129
72 134
288 61
275 142
720 77
705 85
281 38
256 80
563 92
116 126
767 52
529 113
659 45
365 73
531 68
290 30
259 45
155 28
205 48
156 29
107 102
54 150
876 75
240 64
344 104
202 55
589 109
268 84
256 41
347 66
654 26
146 129
319 68
243 40
221 103
323 172
94 103
282 97
194 95
121 98
868 54
586 92
79 77
594 38
613 50
246 117
340 27
848 126
184 47
429 176
271 37
417 35
482 106
135 33
598 121
315 85
94 145
592 119
129 34
744 75
127 81
366 118
319 92
713 91
462 150
774 63
246 52
284 122
139 23
238 66
179 111
228 125
551 59
98 79
507 153
396 68
364 106
188 98
522 68
235 25
557 57
258 26
655 85
401 139
682 39
733 21
155 58
332 131
281 156
638 111
134 141
61 29
626 88
339 132
570 142
462 120
117 159
345 61
605 85
232 47
517 131
806 45
207 23
627 74
343 80
346 155
235 89
287 35
190 121
333 85
373 97
493 76
221 90
228 154
314 88
178 29
847 55
505 71
270 145
626 152
75 159
113 97
575 77
221 145
220 85
669 41
539 122
77 89
321 137
254 106
139 79
505 46
639 35
128 109
764 77
307 59
870 90
572 51
328 72
87 119
251 84
586 92
372 56
219 123
383 60
502 39
260 86
312 74
52 88
879 76
219 49
361 31
173 165
288 177
260 41
725 179
303 60
383 51
75 131
219 76
527 94
249 55
967 102
683 60
244 119
291 85
411 74
142 85
748 157
233 24
174 46
283 72
507 140
387 94
436 56
497 87
206 136
622 125
396 49
190 61
474 167
333 74
644 101
488 59
681 29
411 82
422 96
123 90
268 46
327 33
66 54
816 168
160 93
720 147
289 100
246 143
343 94
126 96
314 153
205 102
156 149
235 176
212 78
179 89
84 115
429 123
211 105
430 82
110 78
535 40
230 74
36 50
582 105
369 51
317 169
182 63
845 76
192 52
232 169
155 59
737 18
175 24
431 34
923 92
452 111
155 121
256 127
236 96
215 145
931 85
665 75
634 32
731 97
158 147
504 115
739 66
69 91
805 59
351 146
427 61
340 168
446 58
492 137
507 66
267 120
616 65
227 50
385 99
407 101
628 73
140 60
944 161
95 31
501 114
577 90
223 151
199 68
519 161
621 64
415 56
620 99
335 72
819 72
328 121
764 50
407 122
285 134
377 117
250 71
444 33
93 45
783 131
460 71
308 132
229 38
593 148
361 47
430 152
191 103
209 68
223 109
546 132
92 106
202 71
251 84
679 154
48 59
368 43
310 137
912 49
325 149
77 37
294 99
786 66
491 142
274 38
321 125
98 90
532 65
530 96
450 69
154 142
625 81
264 93
271 58
545 188
139 112
663 110
651 91
660 60
689 85
658 118
500 109
218 61
130 86
381 80
777 60
683 104
511 71
378 111
782 79
576 169
797 110
220 109
167 95
299 81
563 68
303 68
153 81
928 92
127 47
269 98
43 65
628 126
137 142
525 111
303 104
267 170
276 101
441 61
441 156
297 34
147 150
255 71
658 53
391 32
290 76
724 56
555 91
324 115
150 74
149 78
219 50
26 96
498 170
260 75
219 147
921 88
831 47
623 163
348 76
181 56
684 132
84 74
131 81
200 133
308 101
406 166
426 46
176 150
750 155
873 141
97 46
464 39
478 126
337 59
206 39
485 60
283 19
350 72
466 95
353 41
874 126
192 141
434 59
826 45
719 106
311 26
118 54
621 81
498 52
566 38
438 89
208 74
149 92
398 68
305 99
829 93
356 158
645 155
151 145
376 38
325 126
209 73
312 60
280 162
55 31
157 155
492 50
288 122
201 58
592 52
437 84
674 121
294 66
897 55
245 27
157 161
306 113
703 83
391 66
359 55
318 54
195 61
765 77
841 98
516 22
560 35
584 48
370 65
655 42
127 110
184 122
594 166
227 74
338 85
369 156
712 136
320 68
57 28
852 70
497 131
196 111
473 68
404 35
183 103
344 107
953 174
339 39
317 103
783 65
914 24
47 123
749 109
357 24
442 43
534 77
387 136
168 34
306 97
212 40
568 94
62 66
639 86
657 110
74 118
217 139
196 49
240 60
347 48
764 82
153 43
294 84
295 37
148 96
99 65
337 121
732 190
606 163
199 60
349 125
299 86
159 54
244 114
94 67
671 105
352 16
385 163
166 112
335 47
190 169
411 41
534 85
488 165
914 119
346 35
890 63
128 70
496 31
368 116
491 101
415 180
682 76
852 75
789 175
66 26
351 114
298 63
763 39
860 129
502 121
252 68
849 45
110 75
284 76
27 44
435 46
353 111
192 78
814 127
974 82
157 88
182 90
154 34
310 53
264 79
215 61
332 96
469 53
524 84
181 66
710 169
326 47
170 61
142 74
624 119
505 40
191 71
569 123
398 122
618 159
516 58
702 128
145 65
103 77
84 25
785 113
34 77
664 30
758 24
642 147
364 99
369 107
311 123
666 25
592 88
227 91
494 55
246 185
376 47
248 30
825 145
621 99
210 107
583 58
595 89
452 126
580 59
302 82
63 70
794 157
111 24
247 158
37 160
356 120
258 53
321 41
194 95
689 53
708 64
312 176
562 101
223 64
625 107
849 26
504 64
363 25
526 49
289 87
316 80
512 155
340 46
803 34
627 93
309 88
704 84
287 141
507 29
946 37
541 143
707 67
152 101
189 114
309 169
126 58
325 29
698 147
443 121
529 27
517 139
692 31
308 106
211 42
442 101
114 39
620 64
722 91
130 93
489 66
232 185
264 83
341 62
452 102
245 126
385 71
409 51
884 74
775 99
471 149
743 55
209 18
813 123
214 105
632 21
314 44
454 74
531 23
468 72
314 146
341 79
486 184
569 57
275 49
183 165
798 77
399 97
118 72
231 33
468 73
448 42
259 124
167 94
344 158
644 49
216 45
206 109
169 121
37 131
359 141
542 96
854 32
668 33
355 50
429 82
347 55
175 53
395 76
125 114
603 38
204 159
582 158
97 144
298 42
301 122
881 58
115 144
364 146
290 60
942 138
437 149
451 38
703 147
186 188
828 162
615 94
782 89
432 69
123 108
712 55
497 109
404 106
122 77
558 100
235 95
945 44
885 113
323 71
119 54
55 98
184 73
487 29
790 133
197 81
598 118
154 109
451 66
796 77
286 40
202 66
313 55
852 33
366 22
972 182
258 133
397 166
266 161
464 111
563 170
189 103
607 84
650 33
442 32
219 96
654 74
161 36
256 74
923 41
98 30
107 44
359 116
423 59
215 66
394 78
460 101
153 137
521 177
463 16
205 100
743 65
389 21
75 142
227 57
229 62
719 44
183 82
290 104
338 74
187 42
456 110
221 36
319 145
551 84
243 44
339 36
278 58
144 50
159 103
292 57
745 85
141 32
662 121
570 97
263 116
101 33
334 104
263 59
241 104
442 81
596 102
451 67
90 73
234 72
245 138
535 86
371 87
279 47
239 157
438 65
185 55
173 108
354 113
371 79
313 33
499 92
321 107
570 44
540 24
493 132
670 177
407 90
470 116
257 71
233 56
187 34
426 76
412 81
170 90
557 108
440 67
496 84
337 170
148 97
386 47
371 69
282 64
564 93
263 72
189 61
744 46
499 61
52 75
584 49
299 119
306 13
695 52
164 44
350 136
390 79
351 22
105 164
605 59
625 79
236 176
934 41
424 35
765 58
244 101
143 79
164 102
320 19
575 30
289 38
448 51
642 112
116 67
120 116
373 122
453 33
446 33
291 54
310 96
451 145
286 70
361 48
142 131
189 42
586 31
590 102
410 49
265 85
256 76
196 95
653 126
377 52
621 53
439 102
539 132
189 40
222 35
185 53
207 42
178 122
204 38
100 23
590 60
463 92
354 66
294 62
258 147
215 96
60 79
498 71
263 150
304 74
749 94
600 31
269 25
358 122
294 45
621 66
637 69
217 179
755 157
363 62
438 73
816 24
168 44
115 50
489 24
552 34
758 96
209 124
604 50
614 40
434 137
216 116
99 77
307 37
379 58
245 97
356 68
478 100
332 115
250 160
423 50
545 58
622 112
689 62
569 112
243 113
60 120
419 16
230 106
425 83
621 47
465 45
201 59
154 44
741 95
604 77
501 149
154 97
472 122
454 61
253 60
320 49
242 83
419 117
664 186
280 30
294 168
474 135
264 41
246 104
252 140
502 64
280 133
658 64
314 20
191 76
725 46
199 171
458 30
148 58
358 134
471 154
169 158
421 68
532 89
570 64
197 53
950 69
539 99
664 48
545 22
770 170
169 89
322 78
682 129
434 47
605 123
553 106
568 87
356 123
272 131
413 71
813 60
266 71
446 55
268 103
620 117
229 30
305 79
393 55
675 80
227 195
194 119
438 107
721 129
133 37
211 25
401 122
504 96
593 88
507 113
202 68
202 54
854 118
171 133
215 48
661 93
711 127
174 88
619 132
520 149
384 47
83 30
242 159
188 88
407 155
142 117
599 59
494 87
231 52
217 60
204 101
169 90
158 80
618 136
637 103
614 166
238 50
132 56
378 165
212 96
159 167
53 146
128 159
473 97
824 78
808 96
289 24
634 77
174 50
313 95
620 95
181 73
210 85
384 111
602 87
369 149
674 70
363 145
697 22
408 25
733 159
285 96
286 75
887 77
293 62
589 152
479 31
204 37
62 55
132 58
483 92
353 88
360 104
677 94
535 95
88 119
527 75
686 84
723 159
653 118
292 102
179 164
383 62
127 84
200 92
209 109
206 94
778 44
267 133
400 72
321 126
901 29
314 73
182 119
215 63
43 117
627 97
161 78
365 74
484 169
425 143
809 80
642 85
347 159
662 128
610 140
143 103
474 104
136 69
299 85
296 106
303 133
80 134
206 75
446 92
48 188
309 45
259 25
653 50
828 120
335 151
425 117
554 93
925 71
646 64
291 164
157 25
576 48
333 52
594 68
694 140
167 108
904 59
194 23
457 119
237 74
234 47
221 131
37 25
306 61
401 59
302 61
343 42
661 42
519 99
608 43
308 85
285 157
114 27
539 47
200 114
191 136
455 66
558 66
322 66
361 127
110 38
483 61
419 64
105 39
882 151
826 83
200 53
515 97
637 89
167 123
236 44
784 120
514 58
129 79
677 29
199 136
751 179
123 114
854 40
573 43
236 154
168 124
186 66
268 137
317 85
268 154
863 180
787 68
593 107
303 117
344 68
652 70
528 65
162 36
241 41
351 58
274 158
154 99
335 91
417 117
255 117
524 69
739 73
524 119
332 196
669 182
380 72
696 101
345 95
606 51
381 77
469 28
692 47
142 68
196 30
219 55
159 47
808 144
791 63
354 78
454 165
821 44
583 58
158 184
849 74
454 87
871 77
234 112
247 110
253 142
324 66
261 144
468 29
255 73
475 29
722 96
502 87
203 142
379 148
288 151
613 83
532 58
543 60
516 146
721 132
315 160
421 34
362 101
577 114
237 17
673 33
281 91
564 186
367 140
458 22
453 155
442 47
88 170
470 62
569 176
247 47
233 127
783 66
579 159
674 129
284 81
573 43
300 30
395 60
677 83
288 119
452 135
256 46
900 99
579 57
400 56
587 51
288 133
358 49
485 40
424 119
485 44
875 13
124 42
212 81
148 52
88 74
344 50
122 115
271 62
762 85
214 120
377 142
286 101
929 147
820 74
138 106
187 63
654 70
190 131
576 46
464 59
638 161
170 128
129 57
454 79
402 106
182 79
608 67
228 53
297 105
332 89
350 93
324 145
203 55
611 92
165 54
263 110
331 139
878 53
823 112
374 67
721 54
411 142
849 140
685 182
522 100
40 48
465 15
194 47
793 79
475 61
149 176
129 56
344 104
493 131
167 76
588 159
641 132
130 103
184 80
864 72
679 113
213 126
378 118
317 170
235 133
750 120
738 61
183 62
359 63
441 112
242 93
714 88
291 120
483 66
122 49
156 87
63 75
465 95
311 96
239 88
100 77
782 76
543 184
262 68
304 50
287 103
531 13
761 155
397 50
131 43
213 150
892 168
603 65
360 118
307 109
221 121
289 42
289 140
327 174
732 91
308 87
553 35
288 85
673 27
574 97
546 34
519 20
386 21
456 28
392 146
865 41
327 80
910 114
168 57
351 83
570 113
464 64
255 109
465 81
204 100
574 63
633 34
81 93
665 25
365 120
399 75
471 71
501 16
144 70
624 52
213 85
713 97
58 82
653 66
457 38
233 106
612 38
315 155
109 61
108 76
674 149
493 113
737 34
310 130
322 77
482 74
127 18
393 71
20 81
138 89
154 95
119 60
833 111
311 37
99 115
841 37
747 32
102 129
403 108
60 151
180 120
175 40
584 72
163 17
286 42
37 73
259 43
736 36
87 36
334 69
702 145
802 80
603 81
572 56
105 86
357 66
379 79
256 35
399 173
444 101
742 45
126 69
285 48
648 69
267 81
881 83
114 62
852 18
381 78
378 57
506 56
187 70
142 113
209 123
411 39
334 179
213 57
276 146
736 22
197 87
660 49
796 45
725 146
618 60
675 130
308 157
507 95
227 89
829 83
399 122
138 176
92 52
859 69
383 39
214 144
543 39
322 110
421 29
306 116
151 158
463 62
862 43
579 156
389 122
783 140
478 158
443 178
96 142
532 120
401 91
459 94
190 168
401 79
527 41
550 29
128 90
291 35
277 69
356 65
632 37
695 172
355 66
477 48
218 86
634 46
801 56
162 65
55 76
452 125
468 127
919 96
692 39
152 58
578 44
137 48
349 199
267 53
798 87
401 115
304 135
240 37
669 63
779 77
455 152
197 105
194 151
465 33
323 144
226 154
364 74
89 48
90 20
391 71
433 103
226 155
252 46
594 105
430 87
263 98
571 121
454 170
312 65
234 64
80 121
106 66
201 155
490 97
304 94
737 139
168 105
296 81
307 143
251 77
316 53
596 157
440 90
813 51
144 99
340 123
81 82
345 66
107 31
292 63
265 111
506 103
137 116
708 98
274 29
368 140
705 145
568 33
625 41
469 58
608 84
286 76
601 58
184 87
531 150
445 83
310 153
466 16
116 43
193 99
90 84
117 110
219 51
156 91
764 122
190 72
586 146
198 28
215 126
644 45
791 74
767 108
409 90
287 80
347 80
113 43
245 60
99 50
336 42
191 117
665 72
283 42
214 66
669 78
590 38
330 82
726 112
160 78
495 65
257 176
620 89
151 84
572 160
732 47
59 90
501 51
532 64
355 69
180 185
244 83
379 130
337 47
330 76
233 138
121 126
495 84
928 56
444 79
609 117
414 156
296 38
754 89
133 132
357 82
683 148
546 135
697 89
181 183
193 152
794 68
76 51
438 127
651 144
633 72
460 105
160 113
486 24
114 37
79 75
840 115
138 56
331 77
186 143
575 23
311 59
232 63
262 116
555 118
470 140
99 64
453 141
145 26
400 35
582 117
772 70
641 83
192 70
254 126
276 75
323 99
356 123
451 139
71 57
226 55
146 91
689 97
542 93
241 51
373 77
405 55
241 129
524 66
49 103
463 64
306 89
91 76
283 96
382 44
243 45
603 133
771 109
242 82
172 25
567 145
447 63
307 35
277 124
136 160
180 69
215 63
198 164
170 125
467 31
463 97
344 62
180 191
736 111
466 193
955 55
551 90
245 137
467 58
499 68
8 66
569 66
618 108
538 115
548 156
733 50
645 24
877 30
436 112
211 50
597 90
411 48
152 106
296 69
265 71
293 35
396 123
338 60
209 118
641 76
419 51
266 70
332 115
571 144
568 98
153 56
281 19
510 80
486 93
364 92
341 58
310 116
540 39
49 95
106 127
422 73
720 80
406 68
495 111
780 118
338 111
893 67
403 76
395 84
99 62
732 103
529 63
391 62
661 98
155 111
298 63
457 96
334 69
76 25
220 31
709 131
457 137
305 42
359 71
602 39
485 71
271 73
809 93
241 88
455 58
748 136
482 86
378 66
235 90
212 120
740 39
487 57
227 48
378 47
470 60
467 113
231 74
249 51
407 162
927 79
358 57
349 146
283 168
198 70
166 51
380 71
167 16
345 72
204 128
246 92
64 160
353 128
316 43
435 127
404 61
289 27
170 59
182 59
61 48
488 55
562 80
206 58
252 128
168 25
648 104
629 80
366 70
647 34
306 74
423 38
122 154
726 88
594 81
170 61
98 146
615 85
343 103
696 72
359 33
821 44
398 107
127 57
249 35
533 187
742 36
269 67
412 87
345 122
292 97
431 156
176 47
534 65
204 116
316 81
810 42
587 149
226 44
235 43
275 81
325 106
196 69
302 77
462 99
274 110
462 43
324 71
273 87
236 61
281 40
231 166
620 121
331 66
439 110
413 81
282 151
378 137
264 29
261 129
367 160
122 92
597 86
247 117
834 27
354 28
376 16
720 170
647 190
450 116
78 123
506 184
424 65
192 104
291 89
480 87
749 109
409 47
109 41
649 73
281 55
510 65
596 67
133 32
813 70
163 138
542 52
259 129
274 64
699 112
196 87
157 73
630 32
110 134
338 124
183 63
284 55
622 75
42 61
463 112
352 43
504 110
324 158
563 88
328 135
835 69
732 108
700 174
210 139
257 45
595 88
336 98
447 100
306 95
64 41
691 37
529 95
264 154
400 69
167 46
234 68
634 53
858 167
750 81
642 161
306 30
255 128
450 37
732 106
609 185
299 81
399 133
109 156
725 96
114 59
233 63
305 54
304 139
465 36
111 99
254 54
260 103
177 117
319 155
278 148
729 66
655 80
144 111
579 54
286 59
369 47
723 57
221 59
189 41
155 138
369 114
752 104
603 16
373 36
147 51
404 119
37 129
444 19
492 136
698 108
207 129
520 54
195 75
192 87
438 79
154 163
236 164
137 144
197 140
60 63
480 67
579 61
607 59
211 39
939 48
477 82
762 35
692 81
197 90
294 99
385 92
534 62
587 76
582 58
161 116
340 131
476 84
447 33
428 126
443 75
451 102
474 77
552 74
874 118
366 68
405 54
412 98
826 115
574 68
239 151
296 97
291 90
160 26
365 167
442 59
475 140
822 26
278 49
545 63
252 88
386 102
94 76
133 143
514 66
324 133
250 81
112 140
327 36
485 97
319 123
555 140
373 60
467 100
685 89
366 36
118 57
279 107
254 112
340 83
526 159
355 164
609 135
328 90
177 54
163 131
174 153
254 100
202 79
888 55
379 65
167 65
245 27
408 38
143 106
238 89
233 30
142 47
19 91
167 143
416 102
186 93
249 88
615 71
600 59
333 33
316 50
828 150
44 76
692 47
339 46
282 131
302 142
174 161
599 107
309 99
484 117
303 91
570 81
224 84
290 86
315 96
187 120
47 148
266 174
753 60
569 166
240 83
286 69
227 82
593 140
72 168
586 107
80 180
261 64
372 56
484 85
794 86
431 66
190 61
215 125
764 60
151 54
281 124
606 97
114 68
284 110
273 75
307 59
417 109
843 18
791 103
302 87
301 44
163 107
51 139
247 137
125 161
830 21
644 25
447 79
459 85
236 135
211 102
816 112
338 64
542 60
254 78
136 83
470 76
865 133
165 86
418 57
217 36
105 149
425 50
272 117
842 41
412 182
500 90
554 59
111 63
277 65
596 81
263 104
626 70
594 112
761 93
271 131
368 11
553 82
727 105
497 79
83 99
759 93
258 138
810 93
649 122
529 101
258 122
112 100
175 83
775 57
489 82
461 155
488 38
635 183
328 69
409 112
274 152
166 41
816 67
841 39
467 148
510 45
732 34
383 16
472 108
541 156
610 72
187 180
207 98
601 109
321 161
495 66
650 143
710 109
572 119
441 63
371 69
552 61
537 90
471 65
496 31
758 81
386 75
261 133
909 72
329 21
182 19
838 64
660 114
386 112
712 109
562 116
228 97
212 47
186 29
752 43
506 117
442 127
272 87
56 165
579 136
510 87
363 91
286 98
338 30
599 95
643 96
228 158
776 155
555 125
519 42
443 47
311 98
124 136
839 70
138 172
65 127
580 74
731 63
455 115
269 94
133 110
404 75
629 101
224 47
773 99
504 82
315 185
472 120
568 48
58 88
356 83
333 151
561 59
451 143
811 85
615 103
642 135
833 156
568 55
366 124
863 67
533 46
706 88
910 97
739 63
636 48
298 32
212 148
676 146
684 153
639 141
543 38
241 71
230 137
258 78
259 82
448 169
626 65
530 101
339 85
364 56
520 55
634 122
223 170
127 107
158 58
186 64
376 43
534 106
298 55
417 88
264 82
490 51
119 57
678 66
611 79
508 117
798 32
252 79
569 50
476 88
185 92
296 144
549 36
259 90
525 150
133 66
810 46
250 105
252 43
521 51
824 88
959 40
193 143
173 123
753 132
392 81
170 136
739 48
170 97
236 98
468 108
301 130
106 93
785 67
322 146
556 166
358 63
123 65
734 68
93 41
595 63
301 42
781 76
199 83
327 84
786 76
259 69
435 103
655 67
795 162
228 100
446 30
851 37
240 27
311 120
453 109
445 105
428 134
314 169
475 34
547 79
438 98
128 57
691 83
690 49
679 108
224 53
479 180
557 91
488 79
798 69
138 62
557 33
553 127
628 92
405 35
486 74
472 93
926 158
359 109
487 24
134 73
452 108
348 124
308 97
534 65
675 100
43 101
547 168
343 70
583 25
156 55
442 93
669 130
309 99
503 115
582 123
309 96
426 61
171 126
283 69
535 78
620 59
666 110
390 57
646 62
264 83
664 60
501 39
353 87
164 76
493 61
305 50
610 58
482 152
173 77
733 39
160 145
774 56
38 84
448 103
397 141
198 159
977 29
239 59
577 52
632 87
452 73
561 22
875 101
174 108
442 115
393 52
657 77
284 73
172 152
430 180
631 142
553 58
526 101
305 69
611 99
291 21
599 74
639 60
152 56
325 114
166 132
398 62
865 129
907 93
231 57
195 76
454 58
853 66
423 106
677 105
221 71
243 35
209 116
101 42
464 60
394 67
217 103
395 24
339 89
689 44
340 94
295 120
399 66
628 56
388 15
163 101
457 77
574 100
268 110
256 50
570 30
436 75
412 103
195 69
370 87
310 58
597 115
145 84
272 171
158 60
789 110
547 178
395 80
411 62
701 49
191 129
227 153
125 141
186 59
150 151
651 49
467 132
243 159
362 119
239 36
279 171
459 104
360 144
192 107
124 130
400 86
447 131
506 106
525 49
165 38
386 113
348 47
420 165
698 102
224 133
602 141
581 171
176 150
599 67
647 44
668 70
736 76
451 86
117 147
540 77
641 55
129 124
283 141
150 151
702 62
244 94
263 150
52 21
330 19
439 173
303 37
209 53
658 76
591 56
285 100
743 91
292 112
158 84
542 87
57 39
329 44
593 191
548 65
372 126
111 123
228 47
282 106
434 171
223 138
555 31
517 97
659 128
218 45
213 137
942 52
571 83
507 85
386 58
229 55
296 73
121 56
213 90
574 112
398 84
71 159
378 188
668 71
248 85
195 41
663 184
123 104
302 115
476 25
454 95
473 97
536 118
564 85
889 112
362 121
843 68
460 65
246 78
442 106
656 54
134 114
630 114
212 129
370 167
79 121
578 115
327 98
339 104
270 51
455 63
727 65
351 87
331 88
575 37
273 106
637 40
611 20
530 98
347 115
320 42
125 51
270 111
170 162
265 110
360 84
55 74
247 157
551 103
567 116
632 164
496 139
100 132
750 22
364 34
232 91
431 80
391 86
302 54
434 84
184 169
172 30
556 94
809 20
184 137
153 43
431 53
573 56
551 34
256 64
251 85
475 74
206 35
676 148
498 79
914 121
581 187
383 49
368 114
529 47
313 136
294 37
244 37
286 36
237 88
205 99
475 23
286 150
317 154
237 63
575 79
212 70
500 107
506 124
426 96
635 107
460 117
91 94
216 87
150 40
222 115
511 101
98 147
543 58
477 70
375 54
244 105
632 139
894 107
732 108
172 117
222 114
433 117
268 141
941 16
838 154
197 114
620 119
229 144
745 73
676 26
524 153
286 93
372 82
172 107
589 52
782 125
910 157
513 77
132 93
499 74
124 99
137 104
234 104
720 77
269 35
226 50
406 121
571 58
579 109
735 133
680 50
689 39
154 124
250 70
188 95
229 171
346 72
106 40
535 170
266 46
590 64
202 44
773 166
504 179
670 101
413 54
200 139
67 43
336 72
378 168
418 127
171 148
180 57
328 93
745 44
305 73
508 59
341 111
68 31
249 67
288 46
402 54
116 153
168 26
600 67
779 139
231 85
204 99
695 98
328 94
657 102
391 56
607 79
85 93
637 174
125 141
741 92
144 105
169 64
457 72
434 66
122 37
445 52
307 144
116 119
477 108
493 68
336 155
493 63
655 38
372 99
722 29
177 77
406 83
80 57
324 143
407 57
122 107
613 86
176 125
773 102
246 76
412 157
182 38
548 149
173 74
507 160
427 104
581 62
510 124
276 76
346 48
636 77
331 84
532 128
660 107
246 153
509 147
187 159
260 60
469 32
709 83
229 99
457 67
473 71
210 119
468 169
287 98
589 62
90 95
772 120
416 91
469 143
364 70
508 115
314 81
101 128
540 161
288 102
181 92
363 102
287 54
646 47
696 85
356 45
150 180
232 29
522 40
358 27
217 60
505 99
606 79
141 159
377 70
398 38
275 47
340 58
269 115
356 99
329 144
771 21
672 63
667 49
312 141
708 102
236 43
525 81
439 25
248 149
557 175
279 92
357 147
119 107
252 62
189 101
730 70
228 27
65 91
141 65
890 144
401 87
50 81
519 140
437 63
273 117
225 89
463 42
245 90
238 179
639 138
259 66
469 59
398 75
258 102
337 76
703 108
649 58
195 147
479 60
659 60
535 95
729 39
231 135
746 156
271 59
273 52
642 76
422 66
457 36
151 119
147 64
561 165
270 98
372 62
24 51
358 88
533 96
430 101
124 151
421 91
752 176
203 94
107 103
295 61
256 170
496 147
825 98
738 63
227 69
799 18
955 54
192 82
611 66
287 86
490 81
228 60
589 95
521 150
452 141
497 146
770 113
374 104
846 94
308 40
79 61
124 47
246 34
242 69
354 126
648 122
246 51
233 92
552 122
437 118
436 55
104 97
238 84
711 81
110 76
581 48
307 63
53 83
378 73
403 145
302 92
474 163
918 195
122 89
341 60
581 41
494 108
167 39
502 77
111 34
477 33
73 65
546 133
164 144
280 102
506 65
944 104
773 69
704 80
192 94
83 30
622 96
241 90
412 45
615 36
218 65
540 81
828 144
405 125
166 102
284 86
160 80
587 97
824 137
441 61
159 56
72 128
868 68
357 63
191 159
23 87
270 60
306 167
373 46
153 52
863 91
340 27
196 131
484 98
163 70
42 134
571 91
440 128
363 112
461 101
425 161
586 138
219 56
886 75
614 54
246 126
159 42
92 75
104 80
223 125
404 95
534 100
600 121
213 68
215 142
151 46
964 41
617 126
203 93
482 28
636 36
524 56
565 150
114 66
755 65
586 51
436 103
87 96
197 108
397 128
318 87
284 79
604 56
55 66
440 82
745 42
573 127
271 57
360 80
193 134
101 180
645 102
97 150
114 181
507 143
367 111
65 97
513 68
178 127
487 125
506 69
491 104
742 48
326 64
578 24
608 122
627 121
9 93
437 40
568 66
101 74
633 106
494 74
570 106
199 98
583 92
348 129
135 23
721 106
260 84
698 142
327 121
327 45
411 51
210 81
707 28
443 96
624 74
377 51
392 83
162 60
689 119
764 81
483 114
241 72
579 52
369 104
662 69
197 69
129 46
269 52
552 109
885 55
121 97
415 103
230 57
676 64
845 166
202 81
254 49
82 56
864 67
505 67
644 96
175 49
215 25
889 113
776 61
598 69
452 43
527 129
257 81
243 99
657 135
346 99
66 56
324 72
295 136
253 84
714 109
731 138
206 95
609 96
143 89
332 86
334 108
393 133
101 118
168 46
682 123
441 171
77 103
500 100
207 64
456 75
58 131
674 87
478 94
325 77
748 95
430 57
402 53
423 103
656 176
317 74
414 77
446 106
319 69
217 73
696 134
276 79
109 50
408 94
470 77
267 61
339 158
236 84
219 159
224 113
649 105
338 43
477 80
803 97
486 97
267 53
305 70
457 41
214 86
479 122
524 133
788 75
333 82
635 92
122 27
504 86
325 108
148 163
256 114
222 166
558 58
461 191
734 79
323 70
666 79
430 47
417 61
678 72
600 103
328 63
539 133
474 99
643 93
619 87
329 26
59 152
195 25
431 44
580 83
136 60
466 111
738 141
411 23
466 154
373 53
262 105
485 41
183 80
330 180
135 30
287 178
336 87
425 136
820 64
562 119
231 64
708 57
539 113
375 86
761 17
595 116
640 156
112 87
379 114
111 21
475 76
385 72
240 121
105 148
268 103
398 49
177 14
267 54
955 47
475 185
253 172
151 38
84 125
549 103
437 144
313 105
64 99
652 108
343 74
198 65
292 30
83 52
646 68
290 42
642 94
349 79
246 78
151 113
344 88
314 67
457 22
185 59
196 141
375 182
330 61
242 93
206 31
506 146
609 166
384 20
357 100
635 162
258 166
471 64
407 129
229 174
483 91
169 55
126 98
465 159
129 134
448 85
245 127
341 110
762 115
785 160
350 76
834 120
466 110
369 101
681 82
619 29
854 123
777 74
199 177
229 67
585 69
194 95
501 38
302 102
412 88
417 71
308 131
337 68
282 120
969 47
276 20
722 147
209 87
231 81
402 33
438 99
217 45
240 14
541 30
121 60
378 96
139 66
214 66
141 58
94 190
588 75
510 18
51 145
266 26
508 82
264 48
182 143
806 79
540 39
556 79
168 48
287 47
155 49
369 77
218 86
194 81
643 91
559 81
351 66
311 90
717 87
675 164
121 117
531 21
436 55
280 100
535 89
618 95
649 99
347 56
347 104
240 54
316 66
512 61
213 164
113 160
634 39
308 82
564 140
815 102
348 124
224 124
564 24
523 130
608 97
100 73
205 134
307 31
499 36
62 49
106 58
341 39
631 25
573 82
700 61
604 31
129 64
597 77
197 127
600 145
310 68
216 118
562 56
915 144
608 23
799 153
523 129
344 59
280 63
266 49
17 121
329 78
545 113
877 134
616 79
859 162
366 41
124 24
287 64
405 137
216 45
583 84
369 121
44 95
594 73
190 95
208 92
258 56
418 61
165 59
399 96
194 74
139 81
394 130
770 106
328 101
649 62
303 158
140 173
138 82
471 80
773 44
163 69
519 84
347 145
204 187
198 93
622 120
70 21
310 145
169 128
319 90
238 63
270 134
401 60
809 87
593 101
836 59
368 71
734 46
646 121
636 79
174 81
517 78
349 131
277 71
175 90
105 31
482 84
625 75
306 123
209 80
539 158
308 84
410 74
347 57
429 55
744 109
305 23
194 94
323 73
489 119
469 45
428 114
370 116
431 125
323 101
344 105
443 43
129 74
359 66
129 11
769 31
218 154
498 86
611 38
354 70
201 63
756 34
500 77
288 151
328 47
293 145
224 130
266 116
219 35
121 48
468 32
207 100
599 43
313 48
737 132
381 41
295 122
441 43
525 43
791 58
58 71
588 106
180 94
613 44
220 182
670 52
402 58
399 117
227 98
678 49
719 50
370 49
242 30
476 85
363 102
297 72
194 97
356 127
360 81
129 45
361 74
336 53
200 93
555 42
359 94
718 126
380 55
322 155
190 99
200 45
654 54
295 70
322 112
865 144
657 81
628 15
422 156
494 52
283 80
455 84
585 126
269 68
706 80
192 50
172 47
512 156
442 91
247 35
291 79
453 92
872 64
315 188
461 42
153 94
547 31
478 94
617 74
113 93
620 49
467 93
234 154
856 87
487 28
280 160
119 98
569 75
352 100
528 56
162 67
625 74
143 38
380 82
223 106
590 61
220 157
675 29
539 60
108 106
708 49
915 80
178 171
876 77
291 98
535 66
312 122
266 108
447 63
277 87
565 75
149 126
175 87
375 159
172 81
617 63
502 143
701 37
715 65
440 56
468 29
303 169
142 46
169 87
225 128
210 52
164 143
480 166
779 32
332 81
616 78
310 55
81 91
96 85
372 70
311 99
378 65
587 55
262 17
209 41
741 40
226 55
322 28
438 118
652 62
139 127
300 37
392 85
931 126
610 26
282 164
353 112
189 121
433 70
452 89
891 32
211 58
772 58
224 99
716 110
256 88
540 57
836 83
300 143
139 152
468 80
654 131
610 61
297 57
608 98
797 42
776 143
615 61
462 112
641 85
202 118
388 94
277 93
127 66
632 171
663 86
129 69
226 82
271 159
191 147
874 106
506 122
97 25
516 120
334 67
238 78
268 143
383 97
493 86
528 67
331 123
80 85
804 154
408 60
369 101
574 95
74 88
526 114
627 179
67 74
726 39
523 14
170 141
546 92
14 151
280 55
478 33
203 33
804 160
694 126
214 51
306 124
258 77
280 110
602 52
245 80
624 115
420 180
248 61
494 54
528 57
209 111
93 61
224 104
249 61
222 151
187 131
215 88
411 89
91 179
163 149
293 70
197 57
425 98
202 63
329 151
218 65
85 28
313 179
42 87
852 104
310 91
456 78
402 111
474 57
810 110
607 132
138 109
517 138
269 106
470 73
91 143
519 81
590 83
181 75
641 53
528 110
67 84
872 57
341 120
264 171
586 47
206 45
708 125
573 133
408 78
247 133
884 93
566 154
402 33
345 115
622 87
502 93
182 155
520 64
426 132
358 86
255 39
145 178
623 92
119 81
670 125
498 107
189 164
40 42
930 37
557 166
256 28
186 82
249 96
429 140
218 82
702 75
783 23
502 159
483 85
249 39
231 82
560 101
707 67
362 119
223 37
370 146
503 40
191 96
239 24
137 131
510 76
192 51
530 121
794 43
290 124
115 138
126 51
282 132
256 53
97 60
798 97
538 107
368 92
250 36
600 95
139 103
326 113
192 52
103 37
138 123
250 62
841 107
392 80
388 100
264 89
452 77
309 84
799 28
475 81
162 117
250 79
220 118
380 29
283 196
408 150
303 160
691 65
93 169
245 127
296 186
397 71
225 183
344 147
555 145
603 45
686 81
542 196
554 175
405 163
519 47
810 83
90 117
804 64
183 100
701 81
389 109
232 87
776 92
172 97
628 90
563 76
407 116
387 125
475 168
170 145
337 126
409 112
159 109
70 79
260 39
329 69
212 48
115 62
153 58
897 145
102 59
276 85
351 57
565 93
334 61
82 115
210 167
367 105
278 44
537 67
158 56
472 62
699 85
174 16
562 92
89 83
455 93
701 52
215 78
268 98
160 62
286 48
414 144
49 60
210 88
265 45
725 193
333 107
141 43
204 153
337 89
693 147
250 69
400 79
253 15
347 109
193 60
126 146
434 97
334 53
89 88
210 120
225 128
641 80
433 52
676 175
172 127
868 44
263 42
239 92
271 162
69 150
710 81
140 144
324 76
296 101
328 21
783 71
74 71
257 84
393 43
416 37
877 106
295 57
499 53
199 150
424 46
605 75
422 147
479 65
550 49
586 119
749 114
410 59
467 153
812 25
250 42
477 33
759 101
721 35
247 83
349 76
500 69
344 93
200 98
690 149
263 160
246 163
262 59
129 25
169 77
605 163
407 56
175 159
215 85
519 164
556 96
422 60
751 104
168 185
162 57
338 82
688 62
368 141
335 69
399 84
238 122
236 58
501 58
231 113
445 59
117 196
674 110
205 65
369 135
581 65
266 79
169 48
802 132
573 130
508 37
93 93
140 93
356 78
144 66
524 59
253 167
228 149
320 74
287 46
607 83
505 49
804 129
84 77
577 37
318 74
42 148
174 97
254 105
119 126
285 53
296 48
245 67
99 141
420 60
99 104
456 45
147 100
487 169
544 18
138 61
311 54
378 75
751 93
812 84
537 135
898 83
248 54
157 126
558 27
315 75
56 125
342 68
781 94
476 59
449 87
236 95
251 29
215 58
505 98
651 132
281 72
255 33
671 125
88 85
470 155
894 124
166 153
28 106
638 49
322 32
580 30
138 81
122 36
518 46
637 86
453 162
596 166
426 107
581 78
575 43
446 111
281 90
543 71
535 55
428 89
563 124
381 151
276 70
173 97
731 168
603 47
465 34
839 99
388 34
209 23
421 73
344 81
360 41
296 74
429 104
135 49
841 90
301 183
594 31
98 48
186 124
768 63
462 115
610 74
342 153
758 66
159 53
249 140
482 105
278 94
154 127
592 115
118 25
752 29
418 164
633 130
74 86
943 55
709 80
406 22
584 99
623 52
349 75
374 40
702 125
130 78
130 92
120 40
496 137
456 114
881 148
588 96
343 27
302 55
775 55
910 163
397 120
180 102
853 67
507 77
211 34
91 113
383 127
433 95
335 42
656 26
341 46
195 141
61 106
448 46
582 80
367 15
363 36
520 101
437 91
271 90
439 66
125 103
540 44
446 47
656 28
797 128
586 125
412 57
268 66
51 127
396 135
512 80
178 134
189 120
418 95
725 71
634 87
483 135
293 87
399 56
568 96
531 92
825 105
174 113
209 77
700 38
219 178
554 88
142 106
109 156
484 95
482 91
707 35
208 133
421 32
757 112
345 86
587 48
415 81
173 116
449 73
417 70
372 169
424 36
210 64
366 50
442 39
599 81
302 69
527 57
101 38
649 53
660 171
605 132
160 113
684 178
759 62
298 40
414 81
372 92
700 75
400 100
872 64
768 122
66 83
553 110
146 60
942 65
713 94
460 122
651 83
273 46
719 25
286 72
324 97
522 152
361 126
223 65
557 138
144 119
222 197
437 55
628 49
470 52
215 117
412 103
782 114
266 79
270 139
450 46
277 45
148 59
172 98
822 180
397 22
856 94
816 52
317 59
801 78
504 68
270 112
219 184
221 131
747 139
654 188
615 77
769 165
163 53
201 65
443 67
639 76
565 88
591 127
158 134
270 42
229 93
615 83
875 161
444 108
310 105
523 71
391 85
524 41
331 112
312 29
800 61
153 126
163 69
669 72
252 67
223 48
856 108
942 45
322 117
148 181
417 89
287 64
533 61
467 88
135 65
352 34
343 78
205 13
189 190
627 74
845 57
821 102
368 85
328 45
272 67
107 98
495 20
599 148
786 136
158 41
269 78
177 123
399 174
438 178
330 118
598 133
760 62
961 99
616 62
658 48
409 90
632 152
225 142
565 161
823 39
476 86
260 108
645 62
528 153
640 49
772 133
293 90
175 81
567 124
339 102
444 107
592 136
207 80
403 84
167 47
298 142
116 69
552 123
372 38
767 48
190 88
404 103
120 44
212 147
296 154
510 58
250 174
649 67
276 116
157 94
241 91
720 63
462 38
105 27
801 46
862 106
280 151
411 153
623 53
364 83
301 55
814 21
220 30
360 72
682 33
58 146
310 79
134 69
531 34
285 77
573 175
593 79
494 41
182 89
825 158
218 58
387 116
458 136
116 86
573 86
579 140
645 81
618 57
706 49
410 144
606 57
360 54
656 32
625 96
571 70
556 106
846 138
389 44
872 132
564 94
874 123
59 70
186 102
513 142
457 81
734 108
520 65
435 102
897 122
649 63
283 119
416 159
490 71
169 117
338 116
642 41
186 54
775 90
337 99
272 91
86 113
451 77
86 69
573 73
364 156
325 92
297 151
836 24
169 24
493 67
312 75
521 103
448 127
169 131
730 69
253 43
511 44
458 162
355 123
29 130
393 64
298 101
412 185
607 190
333 139
309 131
783 127
758 43
523 147
526 72
755 80
220 71
468 57
195 174
490 40
580 59
615 76
357 49
294 180
192 122
928 166
489 130
131 92
376 54
695 69
188 79
318 65
354 46
818 56
632 55
378 82
730 99
291 55
457 63
278 30
800 145
690 145
302 161
129 82
127 59
165 107
276 118
249 23
180 41
409 89
225 132
389 84
206 122
604 89
348 138
758 67
164 97
310 33
553 110
390 142
386 142
400 36
462 46
391 147
243 97
177 102
481 63
446 93
266 59
408 108
227 162
258 94
342 18
888 94
308 58
647 53
863 87
488 81
84 68
142 145
399 77
435 59
534 100
320 162
243 85
185 60
750 26
907 56
126 130
128 124
193 63
793 19
516 70
200 168
444 111
157 64
317 28
439 136
375 122
181 56
470 62
194 51
524 41
123 49
348 21
268 114
497 62
179 159
531 118
203 111
171 44
202 80
499 113
282 52
464 155
791 39
372 14
15 146
793 105
449 182
491 56
288 42
499 107
256 139
270 146
345 135
144 69
168 116
108 64
274 51
334 56
401 155
249 166
117 168
308 55
207 129
779 66
243 121
95 116
114 96
220 131
675 56
658 81
461 148
75 36
83 96
360 43
272 63
439 69
88 91
343 48
323 130
146 68
175 90
503 139
240 86
236 108
435 84
631 86
134 134
259 97
614 82
308 128
256 168
250 63
295 107
450 66
87 73
161 162
397 116
308 65
360 161
624 58
179 111
114 52
710 54
73 50
442 26
198 64
683 166
271 119
651 48
122 156
235 59
356 41
124 54
881 91
263 126
532 179
316 89
548 79
505 38
204 101
279 60
586 129
296 171
145 70
364 151
103 82
208 33
742 117
572 123
534 181
211 93
152 75
686 68
285 52
304 41
277 97
402 116
357 86
261 52
421 47
155 105
219 79
338 45
505 28
249 21
747 57
289 60
604 101
379 107
629 142
530 63
498 77
66 48
520 20
420 63
330 86
247 145
335 77
86 129
37 38
709 172
291 47
176 158
530 154
531 92
407 111
608 68
73 159
657 92
646 35
259 46
593 67
685 46
336 68
619 82
332 154
271 166
649 106
351 51
302 153
616 78
248 70
340 97
347 109
620 65
221 141
906 155
244 125
188 187
226 152
369 22
425 107
417 156
555 71
127 51
718 70
192 91
162 105
231 155
504 47
316 173
338 30
344 109
384 67
183 80
913 133
345 43
109 135
212 61
398 52
92 122
532 169
229 115
277 54
789 121
288 104
218 57
689 99
115 74
634 95
845 69
409 53
740 168
211 58
310 63
289 175
206 149
467 109
295 121
116 127
355 143
135 27
251 118
689 122
635 100
634 112
616 48
275 102
386 106
110 88
293 46
392 117
138 76
463 57
596 94
484 157
319 82
407 89
157 91
183 123
166 87
173 93
727 165
434 66
381 155
234 81
502 59
361 48
638 110
690 52
941 47
489 75
639 129
149 49
317 77
242 61
207 130
312 76
322 58
655 74
624 146
802 179
84 72
618 107
450 173
319 50
202 150
201 79
125 152
150 95
659 96
296 164
79 84
527 53
227 57
243 88
236 84
270 129
244 52
78 127
647 113
46 99
17 50
47 41
498 26
165 110
944 73
307 120
495 40
250 150
408 74
200 43
515 93
443 85
361 46
275 99
168 139
511 82
537 28
458 60
268 53
545 122
665 104
285 126
223 71
634 150
624 19
162 109
220 135
595 153
256 95
410 91
318 135
689 42
404 79
189 46
508 100
215 98
848 124
400 125
590 114
684 89
138 137
259 82
144 143
746 81
765 122
400 120
473 112
554 125
233 57
447 62
500 48
448 179
191 106
161 122
219 169
243 76
124 61
167 66
443 34
236 127
547 47
157 57
102 48
199 130
350 47
645 54
856 126
325 96
265 101
201 101
725 64
46 66
221 85
537 80
463 97
786 17
729 153
379 107
467 46
415 70
152 59
351 153
228 65
141 147
416 56
201 91
342 86
121 15
42 11
466 111
147 141
258 113
157 39
541 84
704 47
333 57
532 114
280 38
143 152
714 106
99 38
763 30
490 60
284 185
759 57
907 42
384 37
461 35
826 111
83 59
506 125
644 54
945 99
586 80
636 137
177 63
683 81
598 90
543 85
610 87
633 74
383 72
268 72
333 89
464 78
437 103
286 73
711 50
474 108
174 121
335 124
841 66
234 47
304 125
635 84
92 48
204 81
492 89
655 54
60 72
648 67
693 73
71 55
262 46
584 39
628 61
589 99
203 71
481 89
870 83
852 90
66 133
716 49
776 57
238 42
606 78
122 171
595 57
627 95
126 118
130 120
115 68
197 81
182 55
767 105
913 51
129 92
97 101
533 74
505 91
790 165
263 61
554 47
369 144
412 81
71 103
295 88
521 85
417 56
239 59
707 51
378 193
77 122
426 100
243 123
137 81
415 130
164 160
327 94
398 40
233 48
278 38
343 83
465 69
140 86
506 117
371 112
361 54
897 47
288 128
299 166
121 54
908 122
547 59
282 62
524 115
126 81
376 73
640 72
483 65
276 147
429 115
397 65
96 25
202 63
62 23
698 73
335 53
456 114
789 99
749 93
750 24
256 75
343 46
465 109
781 58
146 127
393 96
544 146
676 65
186 62
103 40
93 46
336 107
375 93
81 119
217 27
295 125
71 66
578 56
140 56
732 78
214 116
423 102
682 58
210 83
680 99
594 64
720 117
652 76
90 70
321 16
203 78
394 32
778 109
355 64
57 86
129 118
485 50
84 79
364 77
346 163
217 42
692 62
239 46
219 39
382 144
592 51
554 115
456 48
824 116
219 172
375 110
63 100
217 116
227 53
186 80
397 59
737 105
574 46
392 82
805 53
240 24
614 57
277 50
923 24
315 181
546 92
676 152
103 28
748 66
389 93
304 41
814 125
648 73
119 50
652 138
332 104
710 56
181 72
193 66
378 156
501 119
85 129
346 135
224 100
550 79
586 126
530 67
836 40
232 152
173 72
184 67
539 162
434 82
221 118
444 70
381 67
137 103
357 98
52 83
594 37
610 32
384 79
507 111
751 51
392 140
84 20
502 60
243 154
493 129
845 77
326 40
510 35
61 39
760 74
396 126
853 101
204 80
698 84
212 36
327 51
725 86
120 139
338 81
402 115
690 76
895 73
573 59
711 98
838 99
245 104
600 112
215 126
353 55
840 68
228 103
332 161
440 122
104 99
615 112
735 61
894 55
273 24
848 63
492 65
522 158
383 136
807 88
364 36
627 101
572 33
83 69
604 54
131 73
416 87
388 98
194 76
486 91
436 117
270 74
247 57
423 89
282 128
610 30
472 119
438 53
210 141
453 97
242 87
167 85
369 169
448 186
476 172
326 92
281 60
138 61
249 140
383 38
157 130
886 91
445 170
247 75
199 98
711 154
194 91
558 110
250 91
266 122
360 50
459 153
335 83
189 46
364 77
222 117
478 145
139 94
297 79
388 94
506 92
362 93
252 150
636 40
133 152
479 65
171 72
512 129
157 150
642 48
624 54
378 107
425 159
82 131
120 82
338 64
224 56
301 187
350 113
307 104
636 37
523 93
689 75
448 31
459 46
498 133
499 164
370 89
421 74
856 144
387 123
380 55
408 59
220 94
297 122
194 33
375 39
168 129
122 160
155 149
285 150
789 145
819 124
102 54
177 75
43 132
248 193
520 67
593 105
230 75
78 15
484 72
151 72
596 57
173 87
281 118
489 84
259 17
531 158
249 130
430 115
333 49
185 146
570 82
234 131
140 75
731 40
240 33
341 127
350 134
548 100
265 102
282 21
671 98
514 35
207 129
358 147
468 70
516 62
266 81
190 65
699 56
434 36
403 81
335 193
494 24
351 120
557 95
737 47
534 41
142 142
366 82
611 76
228 47
523 70
579 87
616 107
566 70
104 90
400 86
350 106
662 48
144 46
135 175
234 138
539 22
279 100
665 66
624 152
737 106
382 112
51 109
710 119
219 62
217 171
170 142
623 154
588 26
906 53
753 52
231 42
577 93
53 72
135 89
174 83
309 28
238 82
650 88
340 181
752 98
374 40
423 27
861 87
772 98
387 57
255 47
443 34
382 69
164 74
476 32
568 43
146 108
488 55
199 103
595 155
86 32
218 77
248 92
522 180
582 103
780 104
441 48
118 167
322 65
834 169
163 91
292 55
741 92
229 73
768 110
497 83
812 45
272 55
566 81
239 78
235 74
386 21
399 46
218 81
221 68
788 123
884 82
236 157
334 81
235 138
497 79
336 100
292 105
569 41
422 109
448 43
234 160
243 74
545 138
681 103
313 79
301 97
165 128
860 47
707 129
274 161
227 143
196 167
874 23
193 153
172 73
251 108
538 99
566 40
232 128
241 118
330 26
188 106
336 83
252 62
869 104
714 108
452 100
458 63
380 80
540 56
540 78
416 131
243 143
221 91
390 68
786 63
559 99
351 45
475 98
165 32
606 29
322 75
183 44
122 57
240 46
527 114
390 77
280 120
769 92
669 40
215 53
614 64
541 53
274 61
275 70
274 96
776 64
600 160
329 30
723 60
600 131
265 49
473 96
119 54
796 121
347 133
636 34
563 37
708 110
149 72
428 141
846 112
458 121
516 187
333 55
370 46
532 31
417 80
278 119
237 104
127 82
757 92
117 61
619 126
240 46
316 67
318 84
544 182
413 165
659 82
376 42
319 132
725 108
290 45
227 102
336 79
289 63
301 101
275 72
358 109
388 122
158 57
309 90
314 59
362 94
160 100
177 61
173 69
516 89
364 92
298 111
174 168
489 88
455 143
558 126
131 74
753 69
447 61
321 69
412 92
242 77
484 91
390 115
39 79
267 117
612 107
82 59
477 46
463 59
385 145
313 41
840 159
144 62
677 62
443 88
193 94
392 46
487 25
264 70
298 63
633 46
344 89
695 89
370 183
609 85
256 122
430 84
229 45
677 16
548 56
289 75
361 41
75 19
666 136
289 69
311 51
237 51
693 106
282 51
548 37
772 172
816 147
313 106
612 58
845 89
163 175
187 130
322 23
607 70
711 120
377 57
444 83
348 66
309 57
139 157
210 184
681 62
247 38
123 92
336 108
310 73
289 172
330 134
176 123
226 72
453 76
359 66
708 72
884 17
474 159
662 132
214 85
738 34
323 67
556 68
298 57
317 86
209 101
174 104
300 62
236 165
325 90
608 51
337 25
188 74
714 58
143 146
144 38
119 49
375 142
679 114
216 72
179 39
356 71
44 72
251 71
235 78
184 85
273 24
537 66
534 79
395 133
9 135
422 63
296 39
178 104
963 80
162 72
375 40
331 134
490 102
546 35
250 163
179 62
572 41
528 131
162 56
181 46
62 68
700 61
233 147
230 83
760 67
480 60
170 26
213 37
209 125
400 87
512 165
368 78
260 110
562 88
370 132
485 109
149 56
242 138
305 150
173 56
414 22
497 58
361 118
854 48
220 103
123 115
696 92
317 82
242 77
220 95
98 49
402 52
526 70
641 129
162 150
321 31
333 55
135 71
262 55
243 62
514 139
310 97
336 138
813 44
127 97
97 54
187 156
176 124
471 58
764 76
319 66
274 62
448 95
139 140
395 59
929 96
316 78
477 137
537 71
599 128
200 35
392 51
302 137
325 89
283 44
683 84
201 140
160 90
136 94
200 76
200 132
625 135
136 113
634 185
137 84
455 93
225 139
429 67
519 121
621 174
169 148
70 100
303 32
200 53
683 124
615 59
115 113
504 112
404 77
749 108
455 57
440 148
342 50
155 136
547 142
241 115
261 119
293 55
416 98
482 51
166 71
199 50
303 150
398 98
273 142
286 82
914 73
282 67
192 145
443 49
334 101
291 171
613 76
306 63
583 132
162 84
113 130
279 52
378 82
236 19
823 101
180 92
531 70
405 169
638 150
346 64
42 63
282 170
337 77
93 43
770 103
314 80
109 115
473 28
765 145
226 95
515 175
259 91
297 130
178 125
119 49
772 140
834 109
84 109
200 139
95 116
475 104
301 96
622 71
652 129
301 92
822 59
275 102
504 22
223 125
305 56
24 82
218 134
218 126
574 34
599 137
513 49
490 16
76 16
261 191
260 178
503 79
359 80
206 81
203 64
415 71
616 22
726 151
327 92
16 86
418 27
108 170
594 79
145 81
115 85
528 90
663 84
420 78
99 61
716 54
491 106
180 70
320 60
345 47
359 80
134 36
558 64
690 139
253 81
341 27
266 143
903 66
335 62
298 62
649 60
160 21
458 60
216 26
379 155
70 88
464 139
685 49
419 62
135 59
110 57
147 49
632 49
142 120
261 118
107 114
783 52
272 71
405 56
622 33
110 56
531 189
681 58
345 170
576 76
179 115
307 34
570 42
226 77
520 32
735 103
582 144
224 96
398 63
571 120
209 85
162 152
350 90
662 84
141 73
114 90
338 58
532 140
284 56
750 73
662 32
368 147
33 103
716 63
565 71
436 88
122 93
745 35
101 50
519 103
613 57
218 111
510 141
252 108
484 128
506 45
304 43
409 116
206 181
153 126
610 101
584 84
413 34
177 77
627 55
320 42
232 31
74 57
669 99
262 33
468 68
201 123
324 62
636 51
210 18
446 43
530 94
313 91
538 91
118 15
289 30
364 112
269 49
797 153
345 39
217 80
236 122
304 96
365 163
205 92
225 68
289 90
164 68
241 84
44 83
373 91
272 101
345 160
699 142
425 150
252 142
249 94
661 131
83 37
192 106
280 74
348 159
416 53
387 82
174 70
571 107
263 61
827 62
457 75
558 70
630 78
186 61
266 133
318 117
365 174
474 64
365 61
629 152
406 38
510 162
102 86
98 88
261 57
480 46
752 58
242 46
407 105
764 117
627 100
268 159
169 99
665 26
293 155
884 91
193 196
357 53
201 52
31 121
200 94
172 121
386 170
153 69
486 83
294 77
267 147
90 26
562 103
950 62
249 177
124 54
300 63
690 124
562 166
888 41
601 58
452 169
443 37
928 40
814 11
538 140
584 123
199 73
350 99
236 164
658 110
204 58
286 96
77 75
293 39
893 72
211 90
91 152
277 71
548 20
326 131
120 158
723 50
230 84
270 98
384 54
40 171
234 107
99 81
246 171
229 117
157 160
288 56
804 37
920 142
425 78
78 114
755 121
319 34
151 70
554 64
411 127
953 123
71 115
206 65
285 108
675 16
699 136
152 135
395 140
164 192
229 155
123 124
419 18
594 153
67 154
758 96
560 101
233 85
681 70
221 145
491 85
612 104
217 120
738 80
257 133
683 49
192 77
273 67
669 127
469 178
531 132
536 100
886 142
486 52
625 92
350 53
235 119
147 137
517 140
659 178
692 84
213 83
721 136
304 44
349 27
74 76
172 118
720 115
402 111
243 51
605 187
450 58
390 141
821 45
562 113
291 41
259 62
251 70
421 52
410 148
635 116
570 100
452 86
228 76
335 87
231 76
536 61
135 70
376 42
662 30
324 93
397 140
443 115
508 122
279 39
496 51
344 119
900 64
249 133
415 143
640 177
285 137
172 41
466 162
224 85
294 81
228 137
192 51
152 124
45 80
479 72
417 78
169 161
892 165
674 156
224 122
515 136
295 84
554 86
230 50
522 84
337 116
102 154
602 75
888 52
279 66
404 179
170 92
276 98
184 61
494 65
186 189
419 35
247 93
484 62
904 79
342 53
390 82
743 96
311 21
663 89
85 73
264 116
558 96
270 90
214 89
684 170
783 93
666 46
174 133
701 97
513 74
236 56
90 51
100 64
258 67
968 99
479 22
694 112
847 85
142 109
315 91
363 57
462 104
102 96
585 172
839 109
126 131
220 57
208 89
196 122
452 146
923 114
543 137
582 75
399 67
87 155
274 115
529 60
223 149
169 100
157 110
230 126
589 86
717 140
654 43
548 61
323 31
192 65
203 163
205 136
578 37
513 79
244 158
243 24
268 152
496 80
134 78
516 84
144 67
377 143
851 142
88 149
288 53
266 46
311 78
954 57
380 132
335 45
258 88
528 83
535 163
832 123
757 161
755 82
494 41
566 45
183 106
191 108
267 94
557 70
663 105
205 43
352 106
664 58
313 39
384 145
260 60
539 114
504 67
368 63
289 85
377 66
85 68
485 82
644 56
626 167
125 74
170 77
315 124
282 78
433 144
732 47
213 70
668 82
698 126
334 23
259 26
588 43
654 76
805 141
582 49
277 98
611 102
362 89
158 73
233 92
473 104
733 45
135 97
420 138
133 66
300 69
175 67
638 88
351 63
694 125
160 55
408 88
393 51
241 53
260 124
526 119
114 68
685 80
332 166
612 91
205 42
72 110
642 48
632 69
664 49
80 137
237 62
620 143
267 60
198 183
272 81
148 121
295 90
240 73
690 102
92 81
337 73
526 100
114 187
134 99
204 66
599 103
597 91
333 135
746 88
344 60
485 57
247 37
562 129
184 93
159 22
737 148
449 126
625 27
86 68
262 77
472 126
260 55
514 72
679 69
378 63
369 66
486 89
791 137
573 116
159 85
805 84
488 93
748 45
156 31
621 42
574 21
163 138
401 39
475 17
399 136
193 49
308 137
139 125
216 46
145 54
119 122
883 166
346 143
294 59
762 179
135 106
219 75
263 58
274 57
190 51
253 39
237 129
113 107
334 56
388 66
437 140
500 64
665 68
604 46
67 126
273 100
511 64
587 43
730 99
438 136
141 27
441 132
884 40
208 71
833 122
388 31
718 61
213 59
82 102
895 58
555 61
926 134
373 94
890 162
347 95
33 126
515 54
173 113
117 119
286 167
370 86
425 149
69 137
132 127
66 95
289 97
218 61
218 54
335 54
271 77
438 72
714 106
148 134
89 135
597 73
591 88
331 96
394 38
452 84
309 53
550 111
508 67
201 68
145 109
419 169
569 115
127 41
127 78
212 93
182 45
663 15
375 87
344 123
934 118
220 126
448 70
370 62
578 78
362 128
119 129
144 31
367 72
609 36
644 95
468 85
567 88
120 81
377 72
119 72
733 56
524 40
36 175
648 22
242 47
237 44
679 56
751 88
537 70
366 132
652 90
416 105
192 101
444 23
583 125
189 55
707 87
446 87
281 126
241 110
493 57
359 70
183 74
651 123
314 61
127 149
237 83
307 114
213 60
35 84
530 79
71 122
531 38
850 189
514 66
295 58
520 162
266 78
422 162
83 160
259 62
776 44
166 89
260 83
144 62
215 99
113 138
165 86
496 32
711 147
429 52
399 139
242 78
222 41
82 74
265 87
473 129
734 52
370 150
380 163
129 129
671 136
642 74
209 67
272 140
369 101
570 62
120 44
252 43
342 141
413 40
591 139
552 156
588 86
301 92
146 172
932 27
526 37
385 158
398 142
109 31
298 69
247 58
644 84
248 28
753 58
254 102
585 137
575 116
221 76
485 63
212 69
683 103
417 104
254 94
414 73
38 116
392 65
507 81
926 61
286 119
227 54
385 151
300 168
350 149
176 53
232 61
111 101
701 119
564 96
469 73
392 70
298 54
732 64
464 43
255 83
677 132
130 55
291 50
286 81
467 51
738 30
341 78
210 110
355 65
235 107
551 42
484 116
480 33
173 96
754 63
453 26
238 139
87 73
354 138
23 45
147 49
844 120
192 122
267 108
290 73
78 134
640 150
350 52
354 113
193 50
379 70
25 136
489 70
246 57
391 127
815 55
280 25
342 42
298 31
167 67
183 91
664 68
251 65
511 119
549 47
654 113
839 54
336 61
159 47
432 59
98 97
159 153
217 48
205 103
584 82
255 74
315 75
933 168
360 74
519 37
222 75
276 68
253 79
448 82
796 116
275 61
202 64
231 180
290 173
330 62
234 54
168 144
240 87
338 34
196 146
95 26
885 60
250 56
736 104
711 40
174 148
344 70
704 77
341 31
150 92
370 103
203 58
769 69
880 106
588 111
292 46
429 90
10 38
584 180
126 78
302 126
977 59
209 142
69 87
907 103
371 88
211 97
595 87
519 94
834 76
767 154
392 124
226 141
786 189
168 122
269 68
66 80
804 111
652 41
133 23
617 67
398 56
848 69
154 66
594 68
559 76
252 119
445 146
363 48
120 93
91 73
244 44
428 166
562 71
47 95
837 88
329 63
356 133
167 71
176 107
296 170
284 76
640 69
174 72
314 164
919 133
517 172
776 136
590 40
384 111
348 77
538 32
407 142
236 121
233 66
847 93
314 61
851 68
595 124
224 94
260 96
473 58
295 79
137 124
146 96
319 46
468 62
583 76
326 128
873 149
427 88
268 156
589 106
411 52
219 37
578 56
407 93
558 53
404 61
492 146
432 103
279 62
121 55
225 81
470 44
894 132
235 196
610 65
398 183
97 53
204 159
671 84
582 155
527 53
269 150
278 81
310 67
174 38
629 62
509 127
409 154
372 125
598 84
704 125
762 125
412 131
624 186
213 39
95 38
107 62
577 87
264 150
426 74
742 103
677 50
177 81
726 47
335 111
205 105
208 34
451 117
153 66
138 114
203 39
632 67
226 41
517 27
626 93
509 129
344 129
153 118
310 66
499 115
199 109
332 45
766 70
431 22
401 56
697 122
242 77
180 185
35 113
342 58
191 59
49 65
275 138
677 159
196 84
451 86
606 118
440 63
187 94
232 56
672 103
847 56
449 52
729 130
171 63
107 77
279 85
623 82
399 102
221 110
524 96
263 137
314 95
244 101
508 74
164 45
519 87
257 127
261 88
572 54
296 89
545 172
215 129
753 153
416 53
480 63
251 39
371 107
275 105
221 54
320 137
363 183
253 51
175 164
478 53
590 78
585 47
313 52
228 111
245 80
626 92
323 48
591 73
459 107
467 137
465 182
555 85
173 167
145 64
243 60
73 72
486 141
478 188
192 41
723 33
317 55
395 38
261 32
56 51
360 123
476 59
715 88
603 80
515 129
532 154
171 107
791 155
149 36
179 56
799 119
470 35
433 32
447 148
265 107
506 50
933 74
450 145
835 104
519 108
729 57
344 124
62 102
506 118
72 33
209 47
383 104
628 25
724 145
669 136
69 110
334 118
198 75
451 146
120 71
184 113
100 69
312 62
648 92
181 74
533 183
532 85
55 127
114 48
361 85
193 39
770 97
788 162
155 40
476 73
52 68
439 86
235 36
711 18
356 130
317 160
887 83
605 42
411 28
498 93
500 65
430 179
100 96
685 76
679 146
53 33
790 173
379 98
649 57
680 124
733 52
164 72
219 58
495 36
339 154
644 87
427 81
279 145
304 89
320 51
319 82
895 57
80 66
935 65
258 145
577 45
777 168
526 76
115 112
283 130
219 98
490 113
754 70
861 67
696 127
441 53
364 51
428 56
612 54
279 79
424 153
125 54
826 53
477 98
561 87
474 50
75 72
286 102
237 55
249 102
756 92
171 167
469 66
166 85
363 17
606 106
439 139
700 50
406 78
833 59
341 65
326 40
464 131
151 108
313 148
433 64
263 54
341 54
102 117
452 56
510 20
147 89
150 89
346 97
672 41
452 143
127 69
443 94
332 150
205 131
496 170
436 73
179 89
719 51
163 120
205 98
541 30
751 55
303 70
317 123
625 55
705 127
145 96
478 54
319 34
469 154
618 65
292 78
333 118
430 110
190 111
267 53
379 128
233 125
321 151
168 83
175 26
637 72
572 148
274 64
851 94
694 86
469 31
206 67
352 85
128 89
220 36
568 64
217 175
260 71
408 156
768 124
369 119
179 136
516 90
416 37
44 55
545 15
511 76
682 100
250 71
538 66
81 73
190 53
501 86
470 93
597 142
250 110
237 99
299 94
215 94
408 97
136 174
656 48
228 27
256 149
237 74
491 29
314 78
461 150
422 135
467 52
579 28
588 131
748 45
624 19
365 179
181 103
760 26
400 43
317 128
207 182
422 85
323 107
806 23
482 64
295 163
148 142
576 90
129 56
408 112
295 93
186 184
341 56
781 65
597 95
431 118
449 48
738 48
631 21
78 123
173 105
252 57
667 99
244 95
293 102
263 56
400 141
147 103
648 135
185 50
804 125
403 118
24 97
931 68
426 46
407 120
379 76
154 99
593 102
274 56
293 61
441 77
384 35
234 42
615 128
770 93
347 119
240 59
270 16
765 45
392 81
430 71
419 60
56 41
418 54
355 76
557 51
650 80
300 87
590 63
49 40
244 37
70 100
118 155
207 87
721 110
250 140
55 71
234 177
629 117
462 109
126 40
286 56
579 133
780 65
206 119
328 84
193 141
542 141
259 78
709 110
563 83
681 121
348 94
127 82
470 97
548 42
628 54
94 150
291 53
822 78
542 157
200 104
164 147
316 42
186 72
372 99
618 71
346 125
333 104
436 179
263 19
392 82
610 114
666 82
361 41
203 60
370 54
609 21
638 58
679 71
412 74
115 76
368 89
147 119
370 139
343 100
621 45
601 132
57 32
228 130
664 80
718 68
387 60
523 80
852 91
711 119
302 146
270 63
760 138
290 38
123 125
473 124
676 92
578 54
532 79
144 148
92 83
356 67
379 93
104 56
344 109
639 87
833 104
254 64
153 89
490 105
372 157
167 128
812 81
78 50
512 39
561 147
183 57
87 122
623 153
611 115
530 157
299 107
133 74
165 113
77 56
604 96
691 132
497 164
523 100
793 45
154 81
760 113
493 112
819 81
464 95
300 94
452 93
115 91
283 72
471 40
268 42
620 92
590 34
154 131
402 46
826 163
851 54
344 55
354 92
637 159
390 141
156 60
392 157
384 58
568 89
405 86
578 13
766 71
606 63
785 80
638 119
622 86
737 45
627 58
845 108
223 44
272 109
888 99
196 32
287 109
845 154
273 119
434 123
379 48
196 61
592 124
309 90
164 52
156 21
591 45
649 69
379 142
191 55
576 68
861 43
465 96
176 112
231 125
278 48
101 40
297 103
131 70
261 51
726 71
542 102
232 111
190 98
226 107
595 66
477 90
277 71
356 166
600 142
484 78
511 188
234 31
107 130
711 47
466 65
726 50
292 75
644 73
241 119
442 57
253 74
385 61
168 84
182 59
247 57
313 32
785 28
197 96
447 173
300 36
149 111
115 124
446 97
210 82
414 24
393 145
450 47
859 91
87 80
416 54
802 52
556 51
514 116
270 135
426 159
211 50
515 36
566 27
627 104
17 99
167 166
292 75
432 141
308 63
497 135
523 68
741 115
261 60
616 32
311 108
586 23
462 42
406 80
526 51
265 62
600 68
331 126
439 100
467 141
688 73
799 153
220 59
130 35
232 67
252 100
377 61
682 127
858 66
411 87
585 77
703 63
145 138
603 59
290 155
558 131
877 41
256 68
199 33
164 169
259 92
353 57
247 33
341 64
260 70
701 65
486 51
542 91
780 117
169 157
503 96
125 83
427 45
700 45
428 65
902 54
589 193
326 55
222 80
353 94
610 95
668 52
173 73
400 175
373 133
760 114
858 90
130 148
123 148
188 142
325 48
499 126
254 71
393 98
199 66
446 36
617 128
389 66
697 104
689 132
206 107
709 95
111 79
137 187
274 81
758 62
277 102
314 142
837 183
235 33
441 129
430 49
292 31
322 56
474 131
325 94
445 77
150 83
686 61
136 51
775 142
513 64
270 79
386 122
662 155
571 84
335 50
114 110
739 33
133 86
314 103
299 56
181 53
114 138
803 54
529 123
75 29
705 91
479 77
630 76
554 26
258 55
594 143
385 180
355 38
511 32
652 53
305 65
463 111
431 129
578 97
477 108
293 53
348 143
853 178
397 51
382 75
563 57
656 119
311 126
525 14
116 144
226 87
710 132
637 34
313 136
172 88
590 149
139 133
419 80
249 55
470 136
260 109
10 19
486 95
338 25
244 87
193 131
223 82
573 44
679 120
192 78
425 111
415 65
638 58
331 95
122 102
71 74
459 91
214 78
122 76
603 145
391 57
515 67
512 140
422 71
628 97
709 34
342 15
283 45
323 136
579 98
113 29
124 69
208 92
461 82
307 75
778 83
480 108
696 72
663 35
414 140
319 88
123 161
189 66
571 122
207 52
569 60
260 72
492 151
412 82
243 98
831 81
199 72
536 62
626 101
126 80
340 73
880 117
63 77
647 91
199 113
245 30
272 90
383 75
155 52
280 70
432 123
259 165
160 86
374 67
507 144
438 112
156 113
886 128
229 121
143 121
459 113
444 174
595 28
193 29
215 56
317 96
466 140
537 111
386 64
173 43
251 130
918 81
496 49
867 40
515 42
365 45
460 150
284 32
405 97
287 168
415 56
365 56
547 88
207 30
387 93
537 167
531 43
611 142
540 158
436 56
276 78
384 104
384 83
49 109
381 110
392 35
248 97
82 88
286 71
785 50
255 71
480 44
243 27
301 65
888 85
653 148
466 112
227 40
196 88
342 77
110 70
602 60
686 35
307 30
334 145
153 159
453 109
267 110
291 125
627 143
566 178
342 76
537 76
509 124
870 64
834 53
795 82
213 61
536 119
336 126
256 54
411 81
150 111
346 163
540 117
621 122
657 76
699 80
144 49
128 43
519 165
103 57
353 53
971 137
635 63
176 57
155 167
305 74
312 93
463 175
399 81
590 70
365 79
391 143
165 94
328 51
475 106
698 115
218 95
292 75
246 95
634 81
526 135
462 97
154 134
441 122
624 134
441 114
526 61
240 44
165 75
114 167
914 56
360 87
811 119
138 150
15 112
418 102
490 79
211 40
595 59
279 89
231 71
765 57
269 74
765 70
605 158
156 18
234 176
304 154
277 74
298 123
489 104
545 95
491 32
806 52
328 51
619 145
325 67
127 124
415 62
577 62
137 91
514 47
219 129
892 125
521 114
362 111
490 94
100 88
612 72
322 175
552 72
546 154
209 46
241 84
708 104
683 112
307 71
272 57
480 35
290 56
351 130
322 64
194 156
101 145
586 60
255 104
87 94
170 90
284 68
359 112
314 67
417 52
593 110
580 35
277 53
182 69
410 160
106 107
582 57
899 50
895 175
160 164
541 134
227 56
121 137
608 103
413 113
257 151
432 50
189 119
296 66
607 49
424 57
812 29
713 48
799 80
616 43
346 110
675 170
273 102
169 88
425 62
210 136
63 128
638 122
729 70
521 151
352 184
245 19
125 115
229 77
244 71
303 38
346 83
278 37
210 147
378 17
700 36
243 71
198 129
256 83
84 143
791 112
657 49
237 89
284 97
684 41
41 81
321 95
368 143
242 175
192 85
399 168
656 33
643 66
255 174
427 56
228 60
612 59
450 123
322 125
573 110
661 76
530 74
189 84
504 154
948 46
288 74
634 79
423 96
779 53
467 88
379 51
567 61
275 27
870 60
99 58
473 132
43 47
295 103
44 112
313 63
558 95
115 77
173 139
330 185
529 135
160 69
182 100
270 162
111 92
42 78
202 76
155 140
377 61
117 148
121 103
119 50
464 36
116 80
478 137
401 119
478 68
71 91
364 172
359 80
106 120
303 93
815 43
482 83
684 129
795 88
677 56
212 153
307 55
844 170
716 106
400 56
627 162
476 92
364 50
197 62
487 46
345 99
120 51
119 78
581 45
498 84
251 93
224 86
789 126
398 182
73 144
515 66
366 150
302 95
821 106
624 51
33 54
701 85
573 60
164 122
81 66
151 93
148 65
704 109
850 36
447 64
773 82
180 88
221 94
210 66
238 124
226 82
482 140
873 131
213 113
219 52
26 63
89 38
158 155
198 53
357 60
453 64
250 86
427 83
91 178
752 103
152 142
398 92
592 76
592 18
204 104
359 39
625 79
319 20
354 48
323 187
333 92
128 43
317 38
655 136
335 106
174 134
549 44
173 59
235 85
284 91
316 41
339 140
380 104
401 93
124 157
564 138
312 71
178 53
368 85
350 104
639 23
164 11
80 122
198 167
554 67
239 107
540 89
198 109
411 82
612 182
578 142
131 112
394 105
195 132
695 84
386 37
713 78
229 122
295 109
255 96
601 86
132 114
373 136
205 74
413 80
507 87
184 126
273 51
168 131
946 70
530 75
454 69
820 76
785 90
357 60
39 181
170 114
118 78
502 115
273 36
743 65
213 23
105 157
706 156
114 86
339 39
415 145
640 105
485 41
676 82
420 54
600 76
858 84
228 128
738 84
201 73
182 145
332 71
617 77
475 79
128 108
501 42
23 65
449 48
120 82
484 73
857 156
104 132
900 136
820 73
510 40
267 54
193 78
302 97
260 85
215 151
334 92
260 72
497 79
439 161
176 88
182 68
328 82
358 135
133 164
392 69
249 110
630 80
675 125
286 114
595 41
453 125
203 89
500 106
765 119
538 57
871 23
623 50
232 26
347 39
430 117
79 34
416 181
509 91
138 138
872 154
348 62
608 46
726 41
872 145
271 60
518 161
492 68
118 73
576 40
680 136
641 37
594 94
205 174
408 81
550 130
501 111
720 130
631 106
508 138
707 147
109 74
675 40
427 149
554 106
168 36
289 131
778 39
607 162
340 85
439 51
358 14
479 145
164 111
190 102
280 138
478 132
215 89
213 103
624 77
337 62
756 51
878 114
279 186
547 37
348 66
642 101
492 145
148 161
322 108
530 53
182 69
392 65
354 63
565 157
594 114
850 23
62 48
567 36
773 60
248 177
377 19
707 61
212 171
312 154
208 85
676 55
591 155
371 74
281 51
592 53
149 103
102 54
654 57
188 61
608 65
291 195
341 104
667 83
235 20
582 81
299 94
353 71
244 97
631 76
159 59
308 101
547 121
475 43
603 134
861 101
244 57
399 131
257 59
660 85
688 40
119 143
131 60
674 179
717 140
241 96
394 103
171 123
131 62
428 72
395 53
290 15
249 97
217 141
555 116
132 60
304 121
808 167
355 101
159 178
485 170
482 104
312 101
380 97
563 117
346 105
253 50
246 62
750 172
688 33
527 148
280 26
169 69
427 152
252 52
439 93
429 77
620 18
278 77
706 154
235 79
191 119
764 103
640 42
636 67
144 15
193 146
383 184
763 123
351 106
504 138
949 41
108 77
637 39
219 98
39 59
127 131
514 47
539 165
433 41
626 169
133 140
256 144
402 72
910 81
415 38
569 125
328 144
339 51
240 116
400 149
612 53
323 102
207 19
168 38
848 115
193 69
179 89
238 97
380 89
135 82
188 74
142 69
210 93
544 83
870 40
515 77
236 100
73 15
852 15
683 131
411 50
522 53
641 75
275 185
507 105
804 111
494 125
220 114
399 128
112 38
304 108
185 78
622 162
106 97
405 72
680 57
267 140
374 130
275 75
535 137
42 96
503 63
550 71
675 104
213 147
205 155
231 137
409 148
544 81
258 61
576 51
539 104
574 149
241 124
103 184
207 108
167 113
194 156
452 21
287 72
164 58
106 50
33 31
201 51
197 28
603 184
492 142
50 83
196 122
365 46
286 151
545 60
674 127
458 120
146 53
524 64
460 94
532 20
915 149
447 143
293 86
737 149
252 54
386 62
193 120
520 134
340 84
773 123
148 142
647 127
653 169
257 86
879 50
793 74
212 16
261 133
231 85
471 17
181 117
236 158
631 89
129 78
263 42
773 58
201 94
647 173
576 61
515 71
799 126
833 109
407 152
258 70
775 68
175 94
758 124
447 163
280 59
200 78
555 81
212 40
553 76
472 83
250 99
62 119
823 66
574 62
258 133
395 69
408 145
748 86
560 66
208 66
464 110
654 103
271 75
643 120
684 30
493 89
645 73
481 81
488 52
416 30
512 155
384 123
580 57
265 117
909 90
213 67
150 127
633 55
376 139
734 45
359 55
194 60
521 65
138 33
452 65
377 61
530 82
414 169
361 23
344 121
517 39
318 113
95 173
431 90
532 62
424 24
161 119
188 78
205 102
299 114
116 156
608 157
435 80
399 104
653 96
444 37
436 61
754 93
653 86
133 152
784 58
687 119
762 104
209 60
88 22
162 29
54 37
490 80
675 74
386 61
245 118
722 43
128 68
259 53
662 26
852 57
358 40
107 124
292 35
574 100
186 95
402 123
280 159
336 58
101 21
715 123
395 72
717 127
339 145
327 106
853 91
554 41
420 53
437 124
446 85
147 54
646 26
504 101
548 125
432 47
625 88
398 59
471 60
571 57
132 144
261 50
254 38
265 57
236 71
330 130
384 168
308 104
516 20
740 173
416 27
408 141
322 71
608 64
492 82
193 83
613 112
601 23
666 81
391 40
500 82
368 70
185 41
319 85
240 102
45 56
768 24
247 97
698 118
771 76
342 22
140 56
652 180
357 128
245 37
602 47
218 103
310 136
313 74
714 91
206 138
297 52
223 161
276 54
272 105
262 44
196 69
589 48
625 131
489 62
384 109
215 83
558 91
80 52
101 80
305 63
586 148
524 75
205 102
317 51
865 18
92 109
780 44
229 94
726 146
374 113
364 53
692 143
262 134
156 122
550 79
552 77
233 76
100 127
323 153
569 51
667 69
114 133
240 49
470 24
221 95
153 67
565 88
465 131
580 116
563 122
303 165
779 45
446 50
650 62
546 56
247 64
326 147
391 73
482 61
367 71
559 150
353 160
296 61
561 96
431 116
115 125
56 44
294 129
864 145
615 139
634 163
374 80
326 101
895 62
401 42
906 94
239 37
280 112
126 125
651 54
797 77
108 79
348 81
446 145
371 87
252 138
372 40
140 159
225 108
660 78
176 118
422 94
175 65
340 161
589 137
178 61
42 120
672 149
75 129
312 54
405 87
212 122
834 67
654 129
390 135
360 24
923 61
196 136
228 91
679 162
159 46
577 102
600 168
157 80
421 159
355 87
486 88
142 44
227 110
313 132
50 71
342 140
218 153
190 83
547 126
366 77
851 29
653 181
483 55
575 119
946 83
949 174
377 85
761 72
456 68
119 97
233 39
432 60
223 87
448 72
605 89
356 78
300 97
735 140
291 137
530 104
107 22
609 104
293 153
241 48
567 99
557 58
182 93
697 134
193 23
762 86
537 80
570 68
229 39
189 123
142 139
370 156
473 27
559 69
690 97
35 73
482 93
403 37
229 47
291 122
171 149
351 82
91 59
373 112
435 79
120 114
496 91
303 50
234 116
169 118
338 124
259 167
452 135
566 113
364 66
298 60
191 97
746 157
913 146
289 138
378 34
341 86
57 46
522 74
108 109
310 149
528 57
746 87
659 50
517 55
244 86
649 76
179 117
194 154
255 131
440 140
802 67
493 47
256 57
280 32
344 59
150 56
286 60
780 105
612 54
347 121
378 140
644 113
375 62
451 112
739 34
484 73
539 130
819 120
491 134
748 62
670 187
415 90
592 54
485 63
622 145
493 23
586 92
400 52
865 114
643 87
394 43
277 66
508 120
344 111
141 64
649 35
794 101
775 62
556 64
188 85
394 120
324 81
120 123
427 119
167 123
164 37
217 171
319 87
538 89
688 75
175 100
366 123
188 49
190 121
147 145
669 122
405 150
344 89
154 138
164 119
581 75
740 113
233 77
779 125
242 96
83 71
385 87
214 67
408 52
601 59
852 111
752 82
396 90
198 47
124 96
343 99
672 70
518 54
579 133
467 62
187 83
397 72
936 118
182 132
619 43
392 99
140 76
630 39
295 26
645 27
587 26
255 103
783 85
143 90
198 67
412 54
133 144
592 52
356 38
534 89
169 125
298 75
543 113
289 56
343 65
266 57
313 174
275 61
704 113
832 48
89 141
693 40
217 159
124 104
334 81
303 70
277 98
241 26
150 30
611 162
659 151
668 83
93 130
144 64
483 147
442 113
283 119
462 60
307 107
513 187
286 40
260 73
732 127
333 132
517 81
353 52
599 105
401 45
887 23
280 161
296 80
567 57
541 91
550 36
784 35
223 27
143 40
446 89
505 183
371 66
468 69
242 98
323 63
755 76
301 24
554 56
208 95
176 117
232 128
444 49
601 58
103 65
92 49
270 76
340 51
373 110
247 86
654 72
384 87
674 30
521 65
276 63
547 130
803 47
