130 1500
326 155
357 93
286 36
415 112
344 77
906 164
703 100
143 138
674 173
373 81
282 64
693 90
933 94
447 104
701 134
673 120
353 160
136 93
366 171
285 95
798 126
219 56
352 86
278 70
636 75
496 155
931 126
669 111
366 97
145 117
875 132
102 131
480 131
732 94
310 84
760 85
364 41
823 22
397 67
669 69
531 66
370 50
647 18
161 52
696 88
399 136
734 44
616 86
621 48
148 66
156 61
275 168
291 57
420 95
91 63
286 74
346 81
209 163
42 88
335 100
160 172
231 86
598 61
274 88
923 78
414 93
311 102
240 56
378 82
437 174
200 151
373 85
943 107
222 74
599 65
542 142
334 40
272 89
833 22
432 120
139 61
553 123
397 84
189 95
248 129
590 65
270 47
424 69
466 118
466 185
440 117
431 46
123 55
211 35
491 48
158 72
595 70
110 131
623 70
425 92
64 78
247 76
399 20
691 26
306 66
719 134
370 81
299 106
66 72
202 92
345 115
370 156
811 127
219 88
557 104
325 64
157 100
443 105
462 42
374 86
533 68
281 85
482 96
159 50
449 69
422 108
347 160
296 78
627 47
282 61
