11000 1500
326 155
357 93
286 36
415 112
344 77
906 164
703 100
143 138
674 173
373 81
282 64
693 90
933 94
447 104
701 134
673 120
353 160
136 93
366 171
285 95
798 126
219 56
352 86
278 70
636 75
496 155
931 126
669 111
366 97
145 117
875 132
102 131
480 131
732 94
310 84
760 85
364 41
823 22
397 67
669 69
531 66
370 50
647 18
161 52
696 88
399 136
734 44
616 86
621 48
148 66
156 61
275 168
291 57
420 95
91 63
286 74
346 81
209 163
42 88
335 100
160 172
231 86
598 61
274 88
923 78
414 93
311 102
240 56
378 82
437 174
200 151
373 85
943 107
222 74
599 65
542 142
334 40
272 89
833 22
432 120
139 61
553 123
397 84
189 95
248 129
590 65
270 47
424 69
466 118
466 185
440 117
431 46
123 55
211 35
491 48
158 72
595 70
110 131
623 70
425 92
64 78
247 76
399 20
691 26
306 66
719 134
370 81
299 106
66 72
202 92
345 115
370 156
811 127
219 88
557 104
325 64
157 100
443 105
462 42
374 86
533 68
281 85
482 96
159 50
449 69
422 108
347 160
296 78
627 47
282 61
670 184
513 81
585 134
690 107
230 29
291 121
887 98
927 61
562 92
612 40
624 15
194 87
239 146
245 59
108 90
459 175
94 16
639 93
240 70
754 53
335 67
228 83
599 42
157 113
371 70
399 35
563 45
542 108
433 91
213 183
669 46
342 153
269 65
486 33
253 102
761 113
321 35
83 136
247 64
452 58
621 109
455 54
546 74
853 179
115 99
836 127
434 93
507 125
523 128
196 36
189 180
639 138
197 94
822 69
719 71
78 87
517 135
461 98
665 129
34 153
148 140
360 110
625 122
327 164
534 82
583 110
466 46
105 55
426 63
647 39
360 32
821 89
270 15
243 163
195 100
473 136
651 108
733 104
456 144
448 84
299 32
682 23
679 89
622 59
295 127
114 57
441 89
211 113
170 36
341 64
260 138
556 30
220 44
64 115
539 111
449 56
217 63
511 16
913 59
427 189
449 40
341 49
144 109
588 78
478 49
799 79
698 79
320 30
626 51
532 54
420 120
355 96
583 47
728 84
269 50
753 151
486 55
356 50
237 97
187 128
192 67
150 162
456 33
433 95
454 91
331 59
186 49
344 138
257 58
406 194
237 73
93 77
356 71
128 56
283 59
429 61
142 33
424 77
48 107
503 62
536 72
810 64
486 170
373 80
611 60
216 178
388 110
173 148
533 105
637 103
142 80
586 56
244 30
416 90
67 122
418 54
662 103
237 76
74 99
247 52
786 153
480 181
324 83
321 64
507 22
536 149
219 115
192 59
574 172
139 85
534 133
391 45
82 49
539 90
188 163
750 69
39 40
558 126
938 147
792 49
509 45
186 40
241 66
555 146
408 104
731 109
625 88
510 79
463 103
429 28
134 118
709 59
301 28
342 162
395 114
847 138
683 183
631 148
710 42
354 62
685 31
488 92
253 117
393 100
418 50
300 108
398 77
422 121
478 57
414 35
462 26
203 80
951 111
878 69
400 55
365 174
664 99
367 26
580 95
199 40
402 147
727 118
245 83
368 126
228 64
344 105
195 67
491 37
59 125
557 62
364 87
99 166
474 83
703 96
232 134
571 85
382 122
299 83
512 57
273 140
420 23
156 114
438 76
248 169
46 100
725 61
616 44
495 66
331 124
214 93
287 58
643 105
328 96
530 105
706 150
284 100
144 40
291 80
635 72
69 52
298 85
629 65
363 49
220 42
212 62
583 34
564 126
426 92
316 39
585 55
339 38
377 40
196 55
208 53
226 70
369 144
227 106
353 50
497 46
145 95
134 95
483 38
375 26
242 127
558 36
492 122
323 100
587 161
530 170
575 149
545 81
213 128
563 20
511 169
641 180
545 31
37 106
689 71
451 138
344 162
273 156
196 98
542 146
316 101
273 33
695 32
420 74
685 144
847 104
320 122
177 122
186 160
619 66
384 75
102 29
279 130
305 60
148 148
476 81
630 105
218 60
504 89
328 163
610 109
341 101
333 139
785 33
471 79
479 66
643 44
512 116
220 27
233 39
512 63
326 79
249 82
63 69
305 113
339 104
174 35
652 108
944 62
397 94
361 89
632 74
647 71
555 66
787 151
221 76
528 62
493 52
384 93
797 68
614 65
408 158
716 61
520 43
83 131
370 55
167 75
422 55
514 136
114 104
518 112
818 63
788 32
85 196
543 46
337 111
649 106
550 188
568 76
225 165
200 162
122 16
735 71
319 22
436 87
543 84
326 46
232 52
328 98
115 121
282 132
737 72
349 118
476 46
319 54
201 41
438 152
296 111
377 88
183 142
810 108
829 106
199 126
294 55
525 35
411 42
285 120
237 134
451 140
480 102
134 116
288 114
132 169
88 72
776 120
189 150
349 41
557 110
636 35
273 50
302 49
578 19
344 17
515 107
603 86
131 149
468 44
382 27
640 135
534 39
637 174
130 139
355 124
262 26
439 85
257 63
348 78
181 65
230 102
191 47
203 61
514 44
266 110
264 71
290 77
431 145
165 110
245 42
409 25
288 67
720 146
281 64
563 34
767 114
659 84
531 70
259 43
205 43
107 20
876 61
344 53
589 66
256 80
654 41
319 61
221 76
94 68
194 35
868 124
79 125
613 62
340 172
184 95
271 93
482 38
598 74
94 125
129 153
127 84
319 147
462 158
246 69
139 60
179 58
551 30
507 89
364 50
522 60
557 64
655 90
682 151
155 78
281 134
134 22
626 79
570 101
117 80
605 59
517 164
207 131
343 80
235 69
190 78
373 107
221 58
314 48
847 109
270 131
75 34
575 57
220 139
539 26
321 63
139 109
639 37
764 73
870 121
328 28
251 124
372 57
383 109
260 74
52 177
219 83
173 69
260 149
303 87
75 57
527 62
967 142
244 70
411 40
748 59
174 69
507 88
436 108
206 131
396 51
474 78
644 106
681 92
422 36
268 77
66 166
160 148
289 62
343 36
314 54
156 60
212 48
84 95
211 95
110 115
230 17
582 84
317 49
845 51
232 43
737 47
431 186
452 43
256 60
215 187
665 133
731 44
504 152
69 164
351 95
340 98
492 109
267 129
227 87
407 132
140 189
95 108
577 58
199 112
621 93
620 78
819 77
764 91
285 86
250 98
93 160
460 73
229 125
361 95
191 55
223 117
92 53
251 141
48 84
310 184
325 26
294 160
491 67
321 30
532 114
450 43
625 65
271 116
139 138
651 138
689 137
500 57
130 86
777 142
511 86
782 122
797 57
167 72
563 72
153 186
127 66
43 132
137 113
303 66
276 97
441 71
147 63
658 88
290 149
555 76
150 41
219 14
498 64
219 185
831 131
348 49
684 27
131 53
308 91
426 48
750 176
97 102
478 78
206 105
283 81
466 81
874 51
434 168
719 74
118 130
498 120
438 55
149 90
305 168
356 135
151 86
325 55
312 68
55 43
492 69
201 125
437 140
294 181
245 43
306 145
391 83
318 52
765 171
516 119
584 85
655 37
184 125
227 79
369 147
320 21
852 108
196 103
404 49
344 191
339 75
783 184
47 154
357 98
534 88
168 73
212 121
62 134
657 25
217 52
240 80
764 42
294 71
148 30
337 151
606 52
349 71
159 61
94 139
352 87
166 78
190 92
534 106
914 80
890 37
496 84
491 93
682 173
789 23
351 71
763 174
502 63
849 33
284 14
435 81
192 166
974 43
182 43
310 65
215 78
469 113
181 147
326 46
142 131
505 51
569 90
618 111
702 41
103 27
785 16
664 155
642 83
369 74
666 125
227 107
246 86
248 168
621 55
583 126
452 123
302 22
794 33
247 17
356 64
321 51
689 146
312 120
223 131
849 109
363 113
289 75
512 79
803 131
309 146
287 110
946 116
707 42
189 73
126 76
698 98
529 111
692 73
211 98
114 130
722 37
489 59
264 79
452 62
385 92
884 159
471 153
209 165
214 132
314 100
531 102
314 79
486 121
275 49
798 90
118 59
468 99
259 45
344 135
216 54
169 17
359 116
854 139
355 95
347 47
395 36
603 54
582 30
298 72
881 34
364 70
942 97
451 145
186 168
615 160
432 36
712 108
404 36
558 60
945 179
323 35
55 49
487 161
197 126
154 99
796 69
202 74
852 84
972 64
397 65
464 120
189 128
650 98
219 136
161 64
923 30
107 82
423 56
394 101
153 112
463 54
743 88
75 58
229 148
183 70
338 50
456 57
319 118
243 79
278 40
159 70
745 40
662 121
263 31
334 65
241 98
596 99
90 60
245 115
371 68
239 97
185 47
354 85
313 108
321 121
540 107
670 91
470 64
233 50
426 92
170 119
440 107
337 41
386 85
282 120
263 50
744 108
52 124
299 73
695 45
350 88
351 32
605 131
236 188
424 157
244 40
164 75
575 70
448 134
116 35
373 100
446 70
310 99
286 83
142 50
586 125
410 65
256 52
653 86
621 97
539 50
222 50
207 48
204 31
590 101
354 71
258 56
60 108
263 72
749 127
269 82
294 130
637 56
755 83
438 166
168 34
489 118
758 55
604 129
434 56
99 73
379 62
356 104
332 63
423 116
622 143
569 61
60 93
230 95
621 102
201 43
741 127
501 43
472 100
253 75
242 94
664 68
294 103
264 62
252 109
280 137
314 51
725 53
458 41
358 103
169 94
532 121
197 190
539 138
545 158
169 76
682 96
605 118
568 82
272 92
813 65
446 66
620 59
305 89
675 58
194 97
721 38
211 90
504 125
507 53
202 173
171 56
661 147
174 130
520 87
83 61
188 91
142 126
494 59
217 54
169 43
618 133
614 60
132 86
212 44
53 37
473 167
808 70
634 47
313 130
181 55
384 127
369 140
363 144
408 151
285 69
887 70
589 104
204 22
132 105
353 83
677 115
88 113
686 149
653 70
179 87
127 53
209 54
778 66
400 76
901 74
182 56
43 131
161 83
484 95
809 134
347 138
610 40
474 39
299 71
303 26
206 98
48 73
259 136
828 78
425 118
925 135
291 43
576 78
594 144
167 182
194 100
237 60
221 17
306 90
302 80
661 112
608 73
285 34
539 53
191 100
558 76
361 33
483 93
105 178
826 53
515 133
167 60
784 111
129 141
199 154
123 173
573 60
168 50
268 75
268 175
787 125
303 80
652 113
162 61
351 67
154 78
417 63
524 152
524 78
669 86
696 80
606 86
469 143
142 52
219 44
808 161
354 100
821 123
158 172
454 176
234 62
253 76
261 102
255 104
722 109
203 86
288 129
532 116
516 149
315 94
362 122
237 140
281 120
367 101
453 98
88 103
569 62
233 160
579 140
284 122
300 89
677 69
452 64
900 123
400 124
288 82
485 94
485 177
124 55
148 28
344 36
271 156
214 86
286 187
820 39
187 136
190 122
464 133
170 37
454 90
182 128
228 71
332 81
324 53
611 45
263 77
878 167
374 149
411 172
685 112
40 102
194 162
475 42
129 80
493 45
588 134
130 49
864 141
213 86
317 60
750 152
183 82
441 61
714 70
483 36
156 23
465 74
239 31
782 116
262 72
287 114
761 89
131 56
892 127
360 73
221 70
289 77
732 73
553 69
673 122
546 112
386 100
392 175
327 183
168 81
570 102
255 102
204 122
633 26
665 84
399 103
501 40
624 56
713 21
653 100
233 129
315 33
108 140
493 152
310 76
482 37
393 13
138 43
119 169
311 31
841 153
102 91
60 48
175 124
163 69
37 64
736 28
334 145
802 127
572 32
357 86
256 90
444 152
126 69
648 66
881 34
852 86
378 109
187 40
209 92
334 56
276 151
197 137
796 149
618 140
308 109
227 168
399 39
92 174
383 56
543 76
421 73
151 101
862 123
389 160
478 98
96 114
401 101
190 90
527 117
128 70
277 82
632 144
355 104
218 133
801 44
55 100
468 185
692 42
578 39
349 66
798 90
304 61
669 159
455 52
194 102
323 58
364 28
90 88
433 58
252 125
430 65
571 100
312 60
80 32
201 106
304 152
168 71
307 63
316 126
440 165
144 79
81 80
107 70
265 109
137 146
274 84
705 121
625 103
608 69
601 49
531 98
310 102
116 51
90 34
219 43
764 51
586 52
215 135
791 157
409 69
347 34
245 31
336 51
665 69
214 139
590 77
726 44
495 64
620 42
572 151
59 108
532 82
180 61
379 78
330 59
121 107
928 98
609 93
296 155
133 82
683 117
697 49
193 162
76 97
651 133
460 44
486 34
79 170
138 77
186 122
311 59
262 118
470 31
453 41
400 123
772 134
192 63
276 76
356 99
71 58
146 143
542 61
373 91
241 113
49 101
306 29
283 87
243 127
771 61
172 120
447 73
277 39
180 56
198 46
467 102
344 48
736 102
955 118
245 102
499 10
569 130
538 117
733 135
877 97
211 126
411 42
296 65
293 89
338 55
641 93
266 77
571 121
153 68
510 106
364 79
310 116
49 32
422 148
406 107
780 79
893 90
395 31
732 113
391 138
155 71
457 78
76 57
709 100
305 82
602 105
271 165
241 100
748 105
378 60
212 152
487 58
378 103
467 59
249 91
927 82
349 69
198 45
380 46
345 54
246 23
353 75
435 91
289 46
182 22
488 120
206 63
168 135
629 84
647 73
423 36
726 125
170 30
615 79
696 82
821 90
127 62
533 152
269 92
345 70
431 48
534 54
316 165
587 58
235 67
325 52
302 101
274 101
324 67
236 68
231 130
331 97
413 68
378 65
261 84
122 126
247 169
354 85
720 135
450 26
506 94
192 70
480 154
409 33
649 68
510 126
133 166
163 116
259 67
699 52
157 132
110 79
183 69
622 18
463 81
504 76
563 77
835 151
700 55
257 126
336 99
306 23
691 114
264 90
167 60
634 174
750 134
306 64
450 151
609 71
399 33
725 34
233 73
304 102
111 63
260 48
319 68
729 137
144 123
286 84
723 57
189 43
369 154
603 85
147 91
37 98
492 144
207 112
195 51
438 43
236 39
197 22
480 123
607 55
939 104
762 143
197 71
385 114
587 123
161 79
476 98
428 98
451 103
552 177
366 91
412 168
574 61
296 70
160 84
442 104
822 68
545 63
386 29
133 111
324 63
112 77
485 75
555 85
467 142
366 35
279 63
340 113
355 128
328 48
163 47
254 53
888 86
167 62
408 40
238 59
142 13
167 93
186 62
615 127
333 75
828 18
692 79
282 72
174 126
309 105
303 121
224 70
315 50
47 65
753 121
240 69
227 125
72 124
80 65
372 105
794 96
190 56
764 42
281 128
114 69
273 73
417 171
791 72
301 45
51 62
125 169
644 99
459 60
211 166
338 116
254 39
470 175
165 93
217 32
425 67
842 92
500 118
111 68
596 65
626 125
761 66
368 118
727 108
83 156
258 165
649 114
258 33
175 158
489 101
488 133
328 92
274 45
816 171
467 110
732 87
472 116
610 50
207 127
321 107
650 147
572 97
371 118
537 103
496 155
386 65
909 77
182 170
660 87
712 120
228 55
186 154
506 98
272 21
579 110
363 69
338 126
643 59
776 118
519 98
311 36
839 39
65 123
731 100
269 38
404 132
224 158
504 74
472 121
58 82
333 119
451 165
615 134
833 121
366 175
533 146
910 152
636 71
212 140
684 134
543 61
230 64
259 99
626 114
339 83
520 133
223 37
158 50
376 115
298 93
264 106
119 141
611 110
798 63
569 104
185 71
549 64
525 38
810 63
252 112
824 192
193 47
753 89
170 152
170 60
468 72
106 160
322 118
358 36
734 29
595 72
781 52
327 160
259 96
655 162
228 98
851 61
311 100
445 95
314 104
547 97
128 143
690 141
224 104
557 106
798 39
557 118
628 91
486 103
926 82
487 38
452 80
308 114
675 18
547 79
583 43
442 139
309 109
582 73
426 46
283 115
620 139
390 135
264 138
501 81
164 107
305 128
482 47
733 44
774 17
448 89
198 195
239 122
632 99
561 177
174 98
393 137
284 47
430 132
553 113
305 128
291 126
639 42
325 45
398 175
907 59
195 100
853 94
677 57
243 55
101 102
394 56
395 79
689 79
295 90
628 88
163 100
574 66
256 121
436 92
195 84
310 126
145 66
158 161
547 89
411 145
191 58
125 50
150 136
467 61
362 61
279 101
360 51
124 90
447 109
525 45
386 80
420 145
224 127
581 48
599 135
668 151
451 34
540 134
129 68
150 145
244 65
52 77
439 72
209 137
591 69
743 70
158 116
57 77
593 117
372 33
228 68
434 58
555 111
659 57
213 189
571 110
386 59
296 35
213 122
398 24
378 139
248 52
663 36
302 104
454 103
536 120
889 83
843 101
246 98
656 38
630 55
370 26
578 77
339 66
455 150
351 77
575 67
637 129
530 80
320 36
270 46
265 83
55 62
551 120
632 108
100 154
364 59
431 88
302 96
184 47
556 165
184 42
431 122
551 64
251 104
206 140
498 184
581 87
368 113
313 71
244 69
237 54
475 69
317 60
575 55
500 109
426 133
460 29
216 42
222 110
98 116
477 85
244 132
894 151
172 57
433 66
941 170
197 130
229 153
676 113
286 85
172 125
782 183
513 38
499 36
137 60
720 66
226 91
571 123
735 141
689 43
250 50
229 80
106 115
266 125
202 158
504 139
413 53
67 78
378 93
171 48
328 153
305 110
341 24
249 70
402 34
168 126
779 59
204 144
328 137
391 128
85 133
125 152
144 46
457 96
122 98
307 34
477 107
336 107
655 85
722 48
406 26
324 91
122 129
176 158
246 92
182 117
173 110
427 123
510 67
346 133
331 114
660 62
509 50
260 103
709 59
457 103
210 102
287 125
90 158
416 103
364 110
314 31
540 69
181 83
287 135
696 82
150 59
522 82
217 109
606 40
377 90
275 79
269 82
329 158
672 139
312 146
236 113
439 62
557 68
357 35
252 50
730 58
65 40
890 90
50 112
437 67
225 101
245 60
639 64
469 90
258 78
703 136
195 104
659 115
729 59
746 66
273 134
422 100
151 41
561 66
372 14
358 114
430 36
421 154
203 32
295 64
496 168
738 58
799 191
192 128
287 106
228 124
521 100
497 158
374 171
308 26
124 62
242 81
648 62
233 118
437 97
104 60
711 33
581 73
53 86
403 72
474 185
122 79
581 107
167 109
111 104
73 117
164 68
506 189
773 146
192 27
622 61
412 129
218 116
828 91
166 69
160 124
824 97
159 24
868 82
191 14
270 73
373 42
863 79
196 105
163 18
571 97
363 101
425 124
219 179
614 62
159 29
104 58
404 114
600 56
215 42
964 130
203 105
636 113
565 34
755 124
436 28
197 89
318 69
604 21
440 153
573 66
360 51
101 135
97 34
507 84
65 111
178 106
506 107
742 76
578 128
627 11
437 121
101 132
494 121
199 123
348 38
721 64
698 77
327 92
210 146
443 131
377 89
162 143
764 105
241 123
369 138
197 37
269 118
885 35
415 59
676 171
202 63
82 175
505 135
175 56
889 159
598 99
527 64
243 137
346 23
324 71
253 147
731 54
609 40
332 78
393 31
168 142
441 26
500 54
456 21
674 104
325 154
430 90
423 137
317 93
446 75
217 144
276 33
408 103
267 79
236 57
224 135
338 104
803 106
267 73
457 56
479 113
788 78
635 36
504 76
148 64
222 119
461 151
323 139
430 93
678 126
328 115
474 134
619 77
59 52
431 123
136 102
738 92
466 85
262 106
183 77
135 69
336 95
820 119
231 146
539 85
761 126
640 33
379 33
475 87
240 32
268 90
177 66
955 104
253 42
84 117
437 74
64 136
343 52
292 27
646 70
642 81
246 42
344 74
457 49
196 85
330 61
206 109
609 87
357 133
258 103
407 59
483 46
126 102
129 99
245 79
762 160
350 169
466 84
681 130
854 159
199 59
585 51
501 72
412 93
308 79
282 194
276 149
209 59
402 97
217 61
541 35
378 39
214 40
94 124
510 20
266 110
264 49
806 116
556 46
287 43
369 57
194 134
559 81
311 148
675 35
531 97
280 115
618 135
347 80
240 75
512 55
113 133
308 120
815 80
224 120
523 128
100 54
307 108
62 32
341 132
573 145
604 37
597 52
600 73
216 120
915 128
799 113
344 68
266 12
329 116
877 129
859 84
124 69
405 56
583 84
44 125
190 54
258 93
165 90
194 39
394 158
328 135
303 39
138 103
773 45
519 80
204 52
622 24
310 46
319 60
270 90
809 125
836 84
734 135
636 47
517 81
277 47
105 105
625 73
209 115
308 92
347 95
744 73
194 76
489 102
428 84
431 76
344 98
129 82
129 157
218 108
611 82
201 155
500 69
328 70
224 65
219 35
468 54
599 74
737 86
295 97
525 161
58 124
180 129
220 139
402 90
227 141
719 85
242 104
363 71
194 82
360 37
361 78
200 118
359 148
380 76
190 53
654 71
322 175
657 132
422 107
283 100
585 66
706 51
172 110
442 62
291 100
872 74
461 42
547 104
617 34
620 102
234 173
487 68
119 121
352 113
162 131
143 86
223 125
220 140
539 32
708 184
178 177
291 115
312 66
447 68
565 42
175 85
172 130
502 145
715 97
468 72
142 46
225 55
164 105
779 77
616 73
81 30
372 74
378 124
262 55
741 58
322 97
652 39
300 89
931 128
282 81
189 96
452 180
211 158
224 148
256 116
836 72
139 102
654 128
297 128
797 159
615 101
641 53
388 67
127 132
663 37
226 66
191 177
506 30
516 78
238 66
383 107
528 77
80 164
408 84
574 25
526 131
67 150
523 46
546 12
280 104
203 164
694 56
306 64
280 127
245 131
420 62
494 113
209 29
224 62
222 50
215 92
91 45
293 52
425 53
329 57
85 74
42 173
310 100
402 103
810 128
138 111
269 103
91 112
590 49
641 113
67 176
341 65
586 54
708 122
408 62
884 120
402 80
622 109
182 112
426 82
255 41
623 35
670 108
189 17
930 119
256 50
249 95
218 145
783 109
483 62
231 119
707 83
223 84
503 51
239 39
510 51
530 162
290 34
126 68
256 30
798 115
368 63
600 39
326 51
103 39
250 171
392 88
264 99
309 163
475 44
250 57
380 69
408 72
691 29
245 71
397 58
344 118
603 142
542 118
405 112
810 28
804 49
701 88
232 159
172 132
563 91
387 104
170 78
409 44
70 64
329 55
115 43
897 31
276 81
565 78
82 55
367 68
537 43
472 145
174 120
89 100
701 56
268 44
286 92
49 55
265 149
333 40
204 78
693 62
400 63
347 51
126 96
334 28
210 58
641 96
676 47
868 65
239 66
69 147
140 76
296 77
783 25
257 89
416 177
295 108
199 94
605 94
479 117
586 154
410 102
812 63
477 156
721 62
349 108
344 53
690 65
246 65
129 46
605 91
175 56
519 119
422 154
168 44
338 143
368 78
399 60
236 108
231 98
117 140
205 84
581 65
169 163
573 110
93 40
356 40
524 63
228 75
287 128
505 164
84 122
318 18
174 63
119 69
296 62
99 94
99 100
147 106
544 39
311 86
751 165
537 181
248 43
558 74
56 79
781 104
449 60
251 56
505 136
281 63
671 28
470 180
166 15
638 76
580 39
122 111
637 100
596 95
581 122
446 68
543 115
428 120
381 67
173 150
603 102
839 88
209 94
344 83
296 95
135 171
301 125
98 50
768 101
610 79
758 44
249 105
278 43
592 35
752 93
633 25
943 146
406 124
623 81
374 145
130 37
120 107
456 178
588 80
302 158
910 89
180 173
507 55
91 87
433 78
656 79
195 22
448 123
367 83
520 97
271 97
125 116
446 137
797 124
412 66
51 89
512 48
189 93
725 133
483 70
399 121
531 168
174 55
700 57
554 40
109 105
482 146
208 94
757 80
587 93
173 99
417 85
424 55
366 98
599 72
527 31
649 137
605 44
684 156
298 93
372 145
400 176
768 23
553 41
942 147
460 136
273 148
286 76
522 83
223 119
144 57
437 132
470 56
412 160
266 66
450 68
148 47
822 89
856 166
317 163
504 66
219 57
747 136
615 157
163 53
443 134
565 125
158 66
229 129
875 98
310 112
391 113
331 74
800 42
163 139
252 58
856 189
322 41
417 69
533 102
135 81
343 54
189 132
845 167
368 77
272 32
495 126
786 43
269 48
399 97
330 126
760 193
616 137
409 132
225 120
823 104
260 135
528 134
772 70
175 120
339 98
592 54
403 46
298 34
552 85
767 51
404 35
212 71
510 63
649 67
157 61
720 101
105 163
862 68
411 131
364 72
814 57
360 142
58 73
134 114
285 122
593 107
182 168
218 87
458 34
573 123
645 130
706 92
606 83
656 131
571 119
846 88
872 120
874 22
186 111
457 151
520 96
897 135
283 93
490 46
338 134
186 159
337 67
86 99
86 122
364 76
297 170
169 107
312 112
448 46
730 63
511 101
355 15
393 71
412 128
333 73
783 155
523 113
755 57
468 52
490 123
615 82
294 51
928 106
131 86
695 50
318 82
818 132
378 150
291 100
278 163
690 72
129 37
165 67
249 48
409 58
389 54
604 80
758 45
310 118
390 87
400 101
391 61
177 105
446 65
408 58
258 79
888 73
647 175
488 27
142 90
435 114
320 61
185 154
907 36
128 51
793 111
200 98
157 75
439 85
181 103
194 113
123 81
268 108
179 114
203 46
202 108
282 102
791 85
15 162
449 107
288 108
256 66
345 40
168 32
274 78
401 62
117 73
207 159
243 30
114 57
675 137
461 25
83 83
272 97
88 79
323 41
175 109
240 60
435 132
134 64
614 73
256 62
295 99
87 44
397 73
360 131
179 34
710 25
442 52
683 66
651 35
235 82
124 178
263 114
316 117
505 54
279 124
296 41
364 31
208 152
572 114
211 42
686 69
304 67
402 82
261 94
155 57
338 109
249 153
289 127
379 132
530 108
66 112
420 77
247 78
86 17
709 70
176 114
531 91
608 25
657 135
259 125
685 78
619 78
271 136
351 72
616 62
340 80
620 57
906 61
188 58
369 95
417 118
127 148
192 44
231 109
316 79
344 87
183 184
345 33
212 90
92 114
229 68
789 69
218 143
115 133
845 92
740 55
310 70
206 102
295 34
355 38
251 143
635 133
616 67
386 33
293 89
138 101
596 105
319 91
157 49
166 47
727 96
381 60
502 83
638 143
941 106
639 42
317 61
207 74
322 137
624 164
84 130
450 75
202 53
125 42
659 71
79 113
227 61
236 66
244 26
647 19
17 19
498 45
944 73
495 62
408 53
515 98
361 67
168 110
537 101
268 116
665 69
223 133
624 44
220 126
256 92
318 143
404 50
508 56
848 90
590 142
138 64
144 153
765 90
473 118
233 99
500 99
191 44
219 61
124 45
443 60
547 43
102 53
350 135
856 76
265 53
725 19
221 115
463 161
729 86
467 93
152 81
228 40
416 53
342 35
42 102
147 64
157 116
704 78
532 68
143 147
99 156
490 69
759 183
384 101
826 27
506 135
945 124
636 48
683 126
543 128
633 87
268 78
464 97
286 147
474 47
335 171
234 72
635 29
204 107
655 22
648 143
71 65
584 132
589 53
481 176
852 23
716 159
238 128
122 126
627 36
130 34
197 49
767 184
129 30
533 109
790 65
554 84
412 24
295 112
417 61
707 86
77 95
243 39
415 45
327 90
233 68
343 102
140 109
371 83
897 69
299 35
908 117
282 113
126 86
640 105
276 95
397 30
202 22
698 78
456 161
749 154
256 80
465 160
146 89
544 140
186 31
93 78
375 26
217 71
71 123
140 151
214 94
682 55
680 125
720 136
90 75
203 89
778 82
57 37
485 27
364 80
217 143
239 57
382 125
554 100
824 57
375 23
217 58
186 89
737 122
392 164
240 129
277 186
315 117
676 31
748 88
304 166
648 35
652 77
710 49
193 86
501 27
346 58
550 124
530 170
232 47
184 115
434 57
444 87
137 82
52 125
610 87
507 154
392 27
502 61
493 171
326 110
61 156
396 173
204 144
212 77
725 35
338 90
690 180
573 147
838 62
600 56
353 170
228 77
440 32
615 151
894 67
848 107
522 87
807 83
627 121
83 127
131 93
388 51
486 97
270 62
423 68
610 103
438 55
453 61
167 84
448 104
326 68
138 62
383 43
886 98
247 53
711 52
558 63
266 83
459 78
189 83
222 104
139 71
388 109
362 63
636 38
479 46
512 43
642 131
378 95
82 35
338 58
301 81
307 133
523 143
448 101
498 108
370 94
856 88
380 91
220 71
194 85
168 36
155 69
789 166
102 48
43 62
520 125
230 26
484 42
596 47
281 106
259 114
249 95
333 49
570 60
140 150
240 79
350 117
265 68
671 111
207 82
468 111
266 51
699 96
403 78
494 81
557 151
534 40
366 129
228 112
579 129
566 32
400 81
662 40
135 60
539 68
665 131
737 87
51 147
219 56
170 131
588 182
753 59
577 20
135 47
309 60
650 79
752 85
423 174
772 88
255 98
382 45
476 121
146 106
199 126
86 56
248 112
582 159
441 35
322 169
163 70
741 59
768 108
812 67
566 60
235 87
399 57
221 161
884 60
334 60
497 78
292 121
422 99
234 61
545 141
313 72
165 174
707 67
227 52
874 51
172 63
538 120
232 61
330 50
336 63
869 147
452 101
380 115
540 93
243 57
390 161
559 81
475 45
606 76
183 35
240 113
390 68
769 139
215 129
541 67
275 67
776 126
329 149
600 65
473 35
796 80
636 120
708 41
428 171
458 111
333 85
532 93
278 60
127 155
117 130
240 75
318 116
413 137
376 75
725 70
227 78
289 72
275 82
388 44
309 74
362 44
177 47
516 83
298 47
489 100
558 38
753 98
321 92
242 105
390 17
267 129
82 104
463 87
313 170
144 141
443 51
392 106
264 71
633 80
695 84
609 64
430 59
677 117
289 83
75 139
289 74
237 143
282 117
772 166
313 129
845 45
187 76
607 147
377 98
348 73
139 55
681 62
123 78
310 70
330 47
226 100
359 146
884 103
662 56
738 76
556 71
317 55
174 72
236 76
608 78
188 147
143 40
119 85
679 56
179 82
44 63
235 49
273 115
534 89
9 94
296 48
963 44
375 77
490 117
250 48
572 113
162 49
62 145
233 59
760 105
170 56
209 90
512 84
260 120
370 106
149 61
305 47
414 108
361 173
220 36
696 75
242 57
98 90
526 134
162 76
333 38
262 61
514 73
336 166
127 30
187 47
471 156
319 67
448 39
395 187
316 104
537 126
200 89
302 76
283 142
201 44
136 53
200 131
136 133
137 100
225 95
519 130
169 24
303 53
683 129
115 109
404 154
455 97
342 43
547 61
261 70
416 105
166 53
303 90
273 69
914 68
192 98
334 70
613 73
583 44
113 68
378 60
823 48
531 91
638 80
42 68
337 29
770 74
109 103
765 58
515 64
297 48
119 158
834 27
200 30
475 72
622 136
301 167
275 109
223 73
24 57
218 122
599 111
490 25
261 64
503 83
206 54
415 129
726 77
16 93
108 125
145 34
528 138
420 31
716 107
180 75
345 82
134 119
690 63
341 65
903 78
298 135
160 100
216 86
70 102
685 93
135 33
147 132
142 65
107 160
272 91
622 33
531 141
345 122
179 73
570 58
520 151
582 58
398 121
209 44
350 138
141 34
338 114
284 154
662 84
33 148
565 97
122 153
101 112
613 57
510 63
484 109
304 92
206 42
610 124
413 48
627 75
232 25
669 65
468 53
324 133
210 98
530 74
538 35
289 83
269 163
345 56
236 72
365 54
225 70
164 61
44 85
272 80
699 95
252 62
661 27
192 68
348 93
387 47
571 65
827 100
558 132
186 65
318 84
474 84
629 91
510 31
98 65
480 154
242 91
764 132
268 46
665 70
884 51
357 53
31 53
172 87
153 106
294 66
90 120
950 62
124 72
690 119
888 127
452 98
928 166
538 124
199 81
236 137
204 69
77 70
893 55
91 67
548 76
120 149
230 66
384 17
234 30
246 59
157 70
804 185
425 26
755 75
151 118
411 191
71 54
285 140
699 42
395 45
229 36
419 125
67 155
560 59
681 57
491 129
217 152
257 142
192 67
669 103
531 115
886 106
625 81
235 41
517 137
692 56
721 72
349 25
172 148
402 61
605 99
390 167
562 70
259 63
421 92
635 121
452 58
335 59
536 38
376 138
324 89
443 110
279 108
344 181
249 93
640 69
172 102
224 71
228 51
152 18
479 93
169 180
674 58
515 71
554 59
522 79
102 127
888 68
404 46
276 49
494 50
419 62
484 182
342 88
743 74
663 27
264 119
270 56
684 160
666 47
701 111
236 28
100 64
968 104
694 172
142 74
363 101
102 124
839 36
220 55
196 99
923 116
582 90
87 67
529 58
169 43
230 125
717 136
548 76
192 53
205 122
513 61
243 66
496 38
516 40
377 172
88 70
266 74
954 86
335 64
528 115
832 155
755 107
566 49
191 66
557 138
205 81
664 74
384 64
539 109
368 70
377 27
485 135
626 36
170 74
282 96
732 56
668 144
334 64
588 136
805 123
277 128
362 43
233 103
733 38
420 38
300 47
638 81
694 44
408 89
241 64
526 34
685 77
612 54
72 134
632 138
80 60
620 66
198 66
148 71
240 143
92 78
526 34
134 54
599 126
333 153
344 106
247 120
184 44
737 99
625 28
262 103
260 111
679 86
369 106
791 122
159 164
488 153
156 130
574 45
401 104
399 51
308 39
216 41
119 178
346 71
762 38
219 65
274 51
253 60
113 78
388 97
500 138
604 23
273 110
587 150
438 40
441 178
208 169
388 148
213 27
895 118
926 85
890 80
33 111
173 34
286 84
425 24
132 23
289 57
218 78
271 97
714 41
89 126
591 77
394 100
309 117
508 53
145 93
569 37
127 55
182 138
375 80
934 57
448 84
578 83
119 41
367 128
644 102
567 35
377 35
733 113
36 135
242 60
679 154
537 84
652 93
192 98
583 50
707 98
281 61
493 83
183 136
314 37
237 73
213 16
530 24
531 172
514 71
520 65
422 27
259 159
166 64
144 56
113 45
496 147
429 90
242 57
82 65
473 151
370 86
129 139
642 55
272 84
570 35
252 79
413 125
552 124
301 41
932 113
385 90
109 71
247 135
248 155
254 124
575 57
485 55
683 93
254 93
38 88
507 186
286 58
385 72
350 47
232 33
701 120
469 88
298 151
464 63
677 37
291 69
467 152
341 55
355 60
551 105
480 47
754 100
238 28
354 14
147 171
192 66
290 26
640 81
354 51
379 14
489 62
391 166
280 79
298 45
183 138
251 110
549 136
839 78
159 96
98 44
217 54
584 63
315 187
360 112
222 67
253 99
796 67
202 59
290 77
234 46
240 79
196 30
885 63
736 147
174 80
704 79
150 85
203 157
880 124
292 95
10 124
126 72
977 55
69 183
371 55
595 112
834 157
392 58
786 46
269 23
804 136
133 130
398 172
154 125
559 63
445 83
120 29
244 95
562 19
837 77
356 46
176 71
284 134
174 74
919 111
776 125
384 80
538 91
236 59
847 74
851 126
224 64
473 71
137 41
319 102
583 76
873 95
268 125
411 57
578 91
558 91
492 96
279 35
225 103
894 60
610 90
97 54
671 123
527 66
278 74
174 132
509 92
372 126
704 156
412 131
213 30
107 122
264 95
742 141
177 150
335 54
208 99
153 39
203 132
226 111
626 110
344 42
310 108
199 78
766 96
401 144
242 48
35 79
191 19
275 141
196 99
606 97
187 59
672 172
449 150
171 32
279 131
399 57
524 65
314 62
508 45
519 64
261 121
296 116
215 154
416 105
251 85
275 57
320 83
253 47
478 125
585 74
228 62
626 76
591 101
467 102
555 47
145 61
73 106
478 51
723 75
395 65
56 83
476 147
603 111
532 46
791 42
179 163
470 96
447 65
506 187
450 170
519 150
344 22
506 25
209 87
628 149
669 24
334 52
451 35
184 31
312 135
181 114
532 21
114 83
193 158
788 43
476 20
439 60
711 82
317 179
605 92
498 108
430 31
685 141
53 161
379 136
680 151
164 57
495 79
644 95
279 72
320 75
895 26
935 64
577 159
526 34
283 57
490 155
861 144
441 83
428 129
279 94
125 168
477 119
474 25
286 60
249 155
171 103
166 83
606 97
700 91
833 79
326 102
151 74
433 65
341 31
452 110
147 42
346 140
452 37
443 77
205 107
436 48
719 45
205 116
751 72
317 131
705 41
478 75
469 130
292 78
430 51
267 86
233 75
168 47
637 121
274 172
694 103
206 81
128 57
568 56
260 91
768 84
179 111
416 18
545 110
682 63
538 26
190 108
470 126
250 60
299 56
408 39
656 59
256 60
491 74
461 94
467 123
588 154
624 84
181 156
400 75
207 94
323 164
482 71
148 122
129 91
295 50
341 160
597 96
449 152
631 26
173 63
667 61
293 65
400 41
648 50
804 90
24 187
426 91
379 43
593 67
293 97
384 60
615 158
347 61
270 157
392 95
419 21
418 82
557 136
300 125
49 61
70 35
207 149
250 21
234 132
462 36
286 123
780 54
328 51
542 64
709 120
681 81
127 103
548 132
94 70
822 116
200 45
316 50
372 130
346 78
436 65
392 128
666 83
203 84
609 133
679 92
115 84
147 85
343 130
601 21
228 138
718 88
523 173
711 72
270 156
290 36
473 140
578 114
144 29
356 86
104 80
639 169
254 42
490 85
167 165
78 110
561 49
87 131
611 114
299 38
165 26
604 143
497 113
793 43
760 107
819 102
300 99
115 68
471 66
620 125
154 90
826 172
344 82
637 88
156 89
384 121
405 122
766 128
785 133
622 151
627 171
223 67
888 52
287 171
273 96
379 52
592 73
164 43
591 136
379 51
576 174
465 47
231 68
101 71
131 65
726 116
232 51
226 126
477 68
356 126
484 110
234 32
711 102
726 70
644 61
442 63
385 46
182 62
313 160
197 99
300 41
115 98
210 92
393 99
859 28
416 163
556 111
270 95
211 111
566 131
17 46
292 96
308 108
523 152
261 129
311 124
462 91
526 65
600 77
439 102
688 163
220 37
232 63
377 142
858 92
585 145
145 127
290 119
877 64
199 45
259 81
247 79
260 145
486 116
780 46
503 36
427 145
428 182
589 76
222 81
610 139
173 90
373 156
858 37
123 50
325 108
254 89
199 98
617 88
697 143
206 147
111 39
274 155
277 74
837 60
441 95
292 76
474 76
445 42
686 39
775 111
270 87
662 121
335 34
739 38
314 72
181 34
803 114
75 146
479 132
554 64
594 87
355 110
652 73
463 96
578 104
293 80
853 89
382 120
656 74
525 34
226 147
637 74
172 125
139 93
249 103
260 11
486 79
244 51
223 122
679 51
425 93
638 77
122 24
459 56
122 127
391 111
512 94
628 146
342 69
323 123
113 36
208 101
307 159
480 144
663 92
319 36
189 121
207 121
260 107
412 61
831 53
536 131
126 79
880 22
647 52
245 67
383 43
280 96
259 44
374 109
438 43
886 59
143 101
444 126
193 56
317 102
537 87
173 63
918 108
867 111
365 101
284 91
287 93
365 117
207 88
537 114
611 115
436 67
384 87
49 86
392 62
82 69
785 63
480 61
301 179
653 102
227 52
342 33
602 142
307 78
153 100
267 70
627 120
342 115
509 176
834 162
213 115
336 64
411 42
346 116
621 137
699 40
128 112
103 81
971 133
176 43
305 74
463 90
590 84
391 45
328 104
698 56
292 62
634 113
462 43
441 131
441 113
240 45
114 184
360 165
138 12
418 106
211 126
279 59
765 66
765 127
156 60
304 67
298 106
545 107
806 77
619 76
127 93
577 39
514 57
892 112
362 106
100 129
322 118
546 55
241 146
683 73
272 105
290 81
322 51
101 124
255 28
170 69
359 74
417 125
580 68
182 92
106 123
899 180
160 116
227 35
608 92
257 96
189 71
607 94
812 147
799 129
346 140
273 46
425 55
63 134
729 112
352 62
125 59
244 72
346 68
210 86
700 61
198 64
84 161
657 60
284 142
41 76
368 61
192 90
656 134
255 95
228 129
450 76
573 138
530 50
504 190
288 133
423 159
467 86
567 67
870 31
473 18
295 18
313 119
115 47
330 114
160 49
270 33
42 53
155 86
117 35
119 102
116 104
401 104
71 83
359 32
303 166
482 142
795 141
212 73
844 148
400 131
476 83
197 106
345 35
119 123
498 63
224 161
398 25
515 84
302 167
624 16
701 122
164 26
151 41
704 172
447 158
180 57
210 60
226 105
873 55
219 14
89 44
198 82
453 63
427 29
752 42
398 125
592 54
359 131
319 82
323 78
128 75
655 78
174 117
173 60
284 75
339 86
401 36
564 74
178 84
350 134
164 26
198 118
239 116
198 92
612 123
131 89
195 144
386 147
229 71
255 127
132 85
205 92
507 49
273 46
946 114
454 167
785 82
39 46
118 109
273 153
213 32
706 34
339 93
640 106
676 94
600 174
228 152
201 49
332 130
475 37
501 14
449 35
484 174
104 181
820 110
267 51
302 64
215 78
260 108
439 48
182 77
358 38
392 62
630 140
286 126
453 53
500 157
538 176
623 59
347 96
79 93
509 39
872 80
608 149
872 66
518 107
118 122
680 134
594 54
408 117
501 149
631 110
707 33
675 95
554 46
289 159
607 79
439 82
479 45
190 68
478 56
213 131
337 155
878 68
547 80
642 107
148 76
530 49
392 82
565 125
850 22
567 158
248 86
707 55
312 54
676 125
371 68
592 42
102 136
188 128
291 79
667 60
582 71
353 61
631 44
308 117
475 127
861 61
399 64
660 143
119 37
674 148
241 89
171 37
428 89
290 62
217 118
132 72
808 82
159 106
482 74
380 120
346 63
246 154
688 113
280 46
427 63
439 95
620 68
706 60
191 157
640 133
144 51
383 156
351 109
949 32
637 57
39 37
514 115
433 131
133 64
402 183
415 121
328 79
240 90
612 76
207 46
848 51
179 60
380 38
188 40
210 116
870 111
236 25
852 142
411 112
641 67
507 164
494 57
399 33
304 50
622 32
405 141
267 85
275 115
42 109
550 140
213 54
231 92
544 64
576 115
574 61
103 54
167 51
452 69
164 32
33 53
197 127
492 20
196 84
286 116
674 101
146 113
460 114
915 99
293 152
252 87
193 112
340 158
148 135
653 64
879 162
212 64
231 103
181 60
631 37
263 158
201 135
576 111
799 169
407 64
775 47
758 99
280 53
555 55
553 103
250 22
823 122
258 89
408 154
560 54
464 136
271 134
684 107
645 105
488 93
512 87
580 65
909 56
150 132
376 151
359 52
521 39
452 86
530 92
361 80
517 75
95 96
532 94
161 50
205 71
116 128
435 90
653 98
436 155
653 38
784 142
762 55
88 44
54 106
675 87
245 149
128 64
662 173
358 32
292 122
186 90
280 78
101 148
395 148
339 77
853 118
420 97
446 41
646 109
548 96
625 90
471 121
132 64
254 65
236 77
384 73
516 152
416 91
322 128
492 51
613 127
666 88
500 84
185 75
240 18
768 62
698 158
342 40
652 82
245 127
218 73
313 147
206 71
223 67
272 65
196 125
625 106
384 56
558 26
101 73
586 113
205 75
865 29
780 59
726 85
364 143
262 43
550 118
233 31
323 121
667 34
240 103
221 42
565 102
580 120
303 159
446 136
546 62
326 88
482 84
559 81
296 119
431 34
56 71
864 129
634 85
326 180
401 182
239 68
126 136
797 32
348 98
371 63
372 40
225 137
176 94
175 79
589 48
42 140
75 74
405 55
834 136
390 83
923 52
228 141
159 122
600 43
421 82
486 40
227 74
50 79
218 51
547 84
851 136
483 122
946 190
377 156
456 35
233 96
223 99
605 82
300 151
291 114
107 128
293 61
567 119
182 144
193 156
537 121
229 50
142 84
473 119
690 16
482 91
229 70
171 81
91 85
435 35
496 72
234 46
338 64
452 120
364 71
191 153
913 70
378 79
57 112
108 74
528 153
659 111
244 136
179 51
255 97
802 107
256 68
344 42
286 159
612 80
378 134
375 99
739 105
539 167
491 154
670 93
592 106
622 107
586 90
865 134
394 67
508 80
141 136
794 159
556 50
394 76
120 95
167 45
217 75
538 143
175 84
188 50
147 139
405 80
154 45
581 152
233 159
242 27
385 56
408 127
852 154
396 52
124 80
672 112
579 102
187 89
936 49
619 88
140 132
295 135
587 64
783 40
198 92
133 125
356 114
169 71
543 70
343 65
313 67
704 169
89 144
217 36
334 72
277 61
150 129
659 139
93 40
483 98
283 101
307 111
286 64
732 78
517 81
599 90
887 68
296 120
541 117
784 58
143 98
505 85
468 61
323 155
301 118
208 47
232 98
601 31
92 66
340 85
247 136
384 140
521 67
547 164
472 61
704 18
95 118
597 84
712 57
142 92
185 74
498 30
269 63
822 149
397 151
147 105
220 75
642 114
276 139
331 59
691 102
299 56
334 46
408 132
679 16
400 115
627 42
644 111
681 96
337 75
128 105
499 98
74 134
198 103
560 102
356 84
251 160
427 24
263 63
482 62
477 75
288 103
369 195
274 87
433 72
530 43
542 53
171 75
557 86
316 150
133 101
522 64
178 75
97 149
586 83
464 71
525 45
399 61
278 74
354 64
125 36
105 104
309 134
292 42
303 120
363 66
717 101
343 53
372 188
322 98
403 69
739 171
507 161
345 77
280 111
198 148
643 94
428 120
164 115
208 55
47 61
323 21
329 156
458 102
205 82
801 60
140 75
330 47
470 51
906 166
919 144
313 117
732 56
270 136
343 87
158 73
256 150
274 61
642 100
696 134
200 80
181 161
273 126
248 139
174 72
98 55
605 135
615 101
612 128
327 130
239 95
285 144
525 68
307 67
48 69
210 55
82 70
797 57
579 159
204 123
445 171
473 79
78 130
661 96
348 141
305 97
671 66
577 94
600 44
698 109
599 67
139 30
341 21
209 34
785 57
492 111
683 77
136 63
93 162
623 42
334 62
71 144
228 60
248 107
260 50
791 89
445 85
622 69
755 74
417 171
367 111
493 165
367 120
221 137
115 112
861 90
459 82
527 30
207 63
353 143
479 109
545 111
118 152
572 125
878 113
477 77
182 92
313 157
475 41
542 47
807 70
468 34
288 132
718 74
825 144
724 99
770 102
244 38
434 69
239 129
188 27
387 150
258 154
435 55
679 83
65 67
868 58
726 130
459 134
437 124
439 54
392 122
531 62
411 138
435 142
720 97
749 88
206 34
555 86
468 113
767 62
892 36
191 45
181 36
721 19
265 71
310 56
684 80
243 154
701 28
691 112
240 75
620 51
129 137
261 48
630 59
188 34
541 73
483 75
495 187
526 118
151 38
531 89
189 122
268 67
113 117
648 40
158 79
273 77
107 79
270 54
311 162
225 50
556 145
430 71
15 36
368 72
209 104
602 129
285 95
591 135
157 131
690 56
430 58
131 175
773 42
501 128
517 81
324 49
185 23
631 45
572 31
584 24
713 63
530 63
672 39
318 95
456 61
367 32
546 88
227 80
582 89
270 120
138 48
224 79
260 136
277 52
295 188
330 169
116 90
412 38
106 66
211 70
199 47
265 37
669 58
534 117
129 64
245 50
530 77
343 23
164 49
592 62
376 73
217 96
789 46
165 96
81 155
248 64
184 83
855 54
683 44
415 60
57 68
410 50
286 119
177 61
155 164
445 92
418 116
330 122
651 90
343 87
63 155
218 122
616 111
317 33
179 155
429 41
368 73
202 70
423 56
244 129
293 47
631 85
73 68
521 105
656 117
650 93
377 89
507 43
121 80
362 54
289 20
327 170
703 164
170 79
272 88
46 32
232 142
523 51
320 105
432 78
753 36
453 64
401 39
467 92
628 41
737 78
167 90
486 35
756 98
786 57
254 56
136 24
524 70
383 49
310 64
402 53
483 177
523 96
312 162
836 51
301 58
492 67
503 83
614 99
326 93
310 52
469 19
409 178
331 97
754 41
550 78
292 129
535 66
640 29
649 36
236 179
552 89
134 35
496 63
663 125
492 124
260 50
232 46
791 52
472 35
847 144
670 129
404 44
353 133
214 125
561 56
327 137
257 79
132 83
466 75
394 31
444 74
188 88
341 56
193 70
531 93
428 141
389 113
488 88
420 83
878 69
206 43
298 69
131 37
530 55
148 86
482 115
443 74
283 145
271 111
568 104
383 102
373 49
179 48
203 112
124 190
398 80
248 65
581 92
495 102
124 76
136 55
738 54
322 64
725 61
586 155
801 41
638 67
152 88
194 73
269 85
282 89
675 114
286 83
155 100
314 108
386 56
291 93
725 166
238 106
351 132
471 37
112 110
363 96
235 47
107 34
954 123
729 18
416 103
610 83
352 84
418 57
591 46
527 56
451 98
297 70
491 45
414 92
514 40
767 62
429 81
84 82
506 64
599 114
730 91
526 120
573 140
191 58
281 73
505 162
237 123
454 53
207 174
750 84
662 73
870 25
412 179
860 158
655 63
275 31
181 81
719 79
658 172
276 45
387 66
709 89
303 196
177 27
274 129
212 111
538 154
238 108
141 59
218 73
102 43
253 43
490 67
272 102
461 151
275 67
712 78
296 34
382 77
353 97
140 123
215 101
640 34
965 84
337 53
589 53
82 122
577 83
196 79
505 160
268 120
542 119
214 118
181 111
454 78
466 95
216 126
570 107
421 66
91 84
405 146
371 60
439 138
388 38
355 120
612 146
413 57
605 48
693 34
462 33
283 43
234 113
411 134
819 59
231 59
557 68
115 35
810 100
285 62
314 58
210 98
303 41
518 96
609 101
830 80
33 136
31 12
542 25
113 177
223 101
117 146
311 177
116 45
350 90
868 143
298 171
553 61
161 65
961 60
250 125
222 135
235 175
427 56
805 80
277 123
478 79
643 108
468 122
616 49
125 157
470 108
738 91
628 70
615 134
239 142
330 85
132 80
410 126
195 113
163 73
279 30
165 28
176 29
465 150
317 64
476 55
502 84
145 66
80 129
281 40
469 172
471 97
426 98
206 92
330 38
189 117
82 126
174 176
129 35
487 33
572 85
703 119
116 75
353 118
410 91
729 63
197 122
65 66
516 125
231 79
744 68
486 98
280 25
220 26
374 139
138 21
224 131
763 111
679 29
387 132
686 120
777 61
375 47
624 45
63 74
347 155
394 35
570 85
437 76
403 154
388 29
212 71
701 152
780 97
332 145
371 41
574 89
655 106
341 46
121 109
327 59
398 51
303 119
365 92
214 123
236 39
379 74
392 76
182 31
809 177
145 179
234 51
623 76
424 55
463 60
560 85
313 85
764 24
167 72
673 94
214 87
654 125
183 61
821 74
458 59
93 82
433 90
169 33
205 168
416 147
457 143
424 96
747 102
724 176
334 89
538 123
481 82
337 40
311 50
481 51
831 63
322 52
832 59
41 24
116 92
516 121
600 96
703 85
317 32
439 147
537 66
406 59
708 61
827 58
659 66
564 65
187 99
462 73
237 161
100 114
399 151
282 161
259 56
449 72
302 121
186 122
641 117
295 33
166 131
298 132
134 148
176 152
472 68
505 132
486 71
366 154
232 43
656 49
724 37
447 66
682 38
593 90
265 96
283 142
353 93
227 188
520 110
407 60
374 118
506 61
378 80
237 104
299 111
338 169
507 109
429 81
278 68
354 92
172 98
263 126
686 111
478 170
460 61
761 34
729 71
199 32
326 56
407 115
314 78
186 96
836 75
710 88
172 163
322 56
629 74
354 133
461 166
168 150
754 141
171 39
597 59
137 60
49 72
427 41
597 141
230 45
490 26
206 81
196 38
397 74
409 68
451 93
771 155
699 38
600 73
238 162
102 155
189 122
223 52
366 121
268 55
83 161
529 83
271 55
208 61
327 98
60 35
177 65
150 110
577 166
315 85
763 136
280 28
292 131
513 68
118 103
491 174
137 103
266 24
578 109
70 43
327 136
115 97
141 94
270 86
507 118
671 49
234 48
357 43
369 37
436 65
568 190
798 60
592 86
206 114
272 105
35 163
519 47
833 41
375 165
556 35
254 70
99 116
462 180
321 75
867 26
534 63
138 129
567 68
163 75
322 44
169 111
333 127
359 88
399 34
199 79
240 96
200 84
270 169
174 61
314 119
144 71
578 122
776 58
606 65
327 25
527 77
99 24
711 99
495 123
75 88
407 55
919 47
96 145
448 107
226 89
598 59
359 70
764 24
772 160
565 53
146 95
203 64
873 101
257 107
77 64
76 49
382 80
756 46
116 93
387 84
682 29
128 143
272 101
529 169
223 29
715 121
82 139
100 106
152 101
139 64
406 93
269 185
361 62
468 126
298 51
314 99
724 55
43 123
482 21
161 74
67 72
708 79
916 57
183 165
327 97
303 33
307 42
589 94
775 49
164 109
570 131
678 96
105 33
189 82
211 53
322 114
135 159
773 144
152 122
225 144
707 60
660 149
135 147
936 162
420 89
286 108
213 109
486 77
455 95
159 113
294 54
444 73
93 133
349 118
503 66
329 40
269 55
109 22
905 133
817 161
513 170
473 84
112 32
431 74
125 74
146 30
162 116
229 66
333 101
660 177
34 100
262 21
682 57
246 44
359 104
313 42
512 36
701 84
160 36
228 50
470 57
374 32
569 97
542 33
476 59
474 81
467 67
308 72
665 86
385 47
768 65
209 108
529 79
109 92
492 44
71 132
874 90
542 71
213 34
325 81
399 108
274 84
837 97
175 69
260 93
302 61
169 61
316 49
562 13
197 44
653 79
61 164
231 79
869 41
119 58
460 79
465 19
96 38
194 112
274 116
574 33
111 54
431 145
294 48
622 42
103 102
183 85
324 95
597 52
202 102
633 40
122 53
151 122
134 23
235 92
267 62
712 96
340 71
729 74
420 31
74 122
165 66
286 179
765 62
307 24
160 50
72 34
435 124
187 40
658 116
332 37
223 97
279 100
537 160
186 58
519 62
522 113
564 16
490 83
173 45
233 44
429 77
724 97
573 61
239 49
364 117
926 30
828 135
145 104
673 64
634 64
54 76
170 171
99 58
641 154
772 68
393 64
202 69
448 48
59 170
393 78
611 47
583 106
384 123
625 71
238 71
212 103
546 30
340 55
343 195
559 107
611 37
76 122
432 88
528 68
207 118
633 48
419 127
387 132
721 47
99 159
388 155
546 59
381 52
236 101
400 80
653 103
817 50
213 165
436 167
706 159
441 78
434 24
328 50
426 95
306 85
518 87
721 70
701 22
75 159
431 75
331 62
740 31
128 55
228 92
387 104
422 95
562 75
367 159
552 102
805 62
370 92
503 94
160 133
302 126
93 73
559 63
547 97
336 74
833 143
348 85
780 128
675 103
479 69
372 106
635 134
320 92
935 45
74 50
566 151
547 93
299 64
804 25
180 52
281 140
497 59
66 119
313 47
624 25
241 59
244 42
149 99
154 85
764 27
176 114
650 66
269 66
603 38
242 64
138 151
362 53
437 89
581 44
566 58
339 29
651 179
532 40
157 154
585 66
655 85
750 180
278 107
548 68
293 65
123 41
225 158
451 91
550 117
284 73
556 196
902 72
461 95
190 77
88 47
280 30
212 47
694 63
333 165
161 58
912 74
386 77
518 110
685 66
695 29
309 29
432 87
683 148
735 83
223 60
707 132
783 34
461 114
39 33
407 186
673 22
757 47
838 62
870 47
603 66
779 129
353 43
97 60
360 119
647 46
449 57
216 51
633 49
142 119
160 13
152 81
198 74
188 115
245 85
567 142
459 147
312 106
252 70
624 46
232 161
610 57
338 106
339 67
202 105
397 93
702 55
409 54
511 139
199 112
272 54
685 140
903 100
180 15
174 79
241 176
213 104
626 76
777 132
471 80
304 113
597 118
840 133
563 61
249 63
519 93
391 120
267 49
382 75
427 96
390 77
324 184
279 50
471 13
755 50
156 150
827 65
553 109
571 42
673 174
405 87
119 85
81 97
114 20
57 28
709 41
347 114
220 83
524 64
507 81
456 63
116 93
75 120
321 71
35 70
195 85
440 82
267 38
489 38
755 61
324 149
526 34
618 77
313 18
295 81
395 95
234 111
127 115
127 32
614 108
734 120
142 72
38 42
308 43
126 36
284 145
343 81
214 86
272 79
118 173
459 45
286 48
286 81
360 62
44 78
219 56
288 113
579 39
887 57
707 22
385 49
163 146
238 130
765 95
396 83
574 176
194 69
139 144
136 110
93 116
774 62
155 156
578 140
773 178
687 120
404 94
829 79
145 29
403 35
287 65
128 172
269 48
380 46
217 65
325 125
602 96
137 58
161 48
996 53
384 115
645 37
255 77
738 105
733 33
696 154
312 48
51 71
473 155
168 105
383 98
572 170
263 64
569 66
756 97
422 139
484 81
691 77
203 157
398 51
448 123
357 66
101 63
516 103
541 98
91 140
701 33
146 58
369 76
226 87
731 83
746 16
155 99
370 110
192 91
578 72
708 28
597 45
314 108
398 80
348 43
236 50
152 117
302 42
268 78
135 82
520 78
265 176
397 84
785 47
403 51
257 69
918 83
619 47
323 138
596 84
214 79
547 156
132 89
631 82
718 135
393 183
742 68
194 127
697 72
480 113
71 37
319 115
214 77
691 23
229 63
543 118
671 64
677 26
118 117
288 83
293 126
318 99
581 139
219 55
405 97
419 51
331 55
612 66
473 64
393 76
436 44
165 133
503 82
74 145
254 35
584 160
284 63
804 125
102 97
247 191
516 193
208 90
656 58
281 66
271 108
539 156
186 24
96 112
188 90
178 106
287 71
119 123
234 118
324 51
291 115
695 98
214 19
345 93
412 58
540 39
425 127
305 80
281 111
555 111
275 76
369 62
474 63
245 98
514 63
432 69
73 31
625 137
153 71
138 71
308 93
387 58
652 86
267 90
563 39
219 48
174 60
527 74
192 162
340 57
704 168
289 51
299 16
305 128
412 160
609 43
603 61
83 59
231 48
212 80
225 128
76 104
345 70
114 74
135 154
389 81
239 146
370 103
301 33
160 107
221 35
930 36
273 87
577 97
761 47
262 116
349 42
722 44
157 81
490 69
327 99
510 43
297 87
242 40
818 121
272 110
353 151
658 29
612 160
414 86
549 27
90 16
838 190
543 123
916 65
478 89
384 109
176 41
310 55
261 67
106 70
663 52
615 64
519 87
309 32
642 124
253 55
318 61
518 43
511 158
387 135
286 108
861 139
166 88
444 100
427 41
127 95
751 69
168 68
201 167
350 161
96 128
128 106
922 81
634 156
435 59
251 54
667 36
448 54
469 117
753 148
272 80
513 54
232 47
218 59
146 138
531 104
33 36
192 119
615 19
654 108
615 54
319 87
338 163
802 144
676 63
274 61
231 39
180 82
119 81
402 99
413 62
322 58
542 131
368 33
597 75
467 77
310 118
278 54
442 115
282 151
441 90
80 167
231 140
79 49
255 88
467 76
691 66
636 81
672 36
439 123
676 60
453 89
125 57
495 112
360 159
806 135
402 54
623 153
457 79
210 65
266 27
135 106
396 30
176 91
692 102
418 88
296 59
111 50
726 76
172 46
624 142
791 107
451 117
405 81
367 86
432 120
717 174
237 166
363 69
359 140
827 107
895 64
217 85
379 66
244 125
236 54
584 97
278 110
316 59
502 18
472 87
161 107
668 137
787 21
73 79
371 135
464 112
260 60
333 83
326 133
380 57
122 149
188 117
147 182
398 59
255 65
352 104
290 112
419 131
12 82
483 79
448 93
664 93
574 101
573 100
363 57
354 155
132 183
283 112
739 41
275 39
716 45
116 16
496 156
303 180
443 109
788 66
691 109
560 63
288 61
401 65
102 81
316 133
303 21
49 64
532 112
503 116
437 47
92 43
547 127
385 165
653 87
408 98
97 95
431 158
756 125
152 47
442 136
293 172
601 74
250 115
420 110
317 101
173 99
354 185
563 48
388 83
736 59
690 85
472 135
762 55
586 67
171 88
438 63
180 32
718 146
742 141
134 71
655 78
355 169
264 101
374 56
209 122
840 107
227 64
156 106
211 88
354 51
223 66
339 117
106 79
187 88
410 144
126 90
731 66
169 105
154 51
387 40
688 123
628 81
652 48
438 98
499 130
414 67
705 166
253 65
282 41
255 42
324 83
366 76
287 103
275 162
456 30
130 27
567 109
485 134
835 34
343 98
220 83
184 108
199 180
406 79
287 62
109 127
412 35
313 93
770 109
71 73
501 124
439 65
456 101
825 70
75 55
414 130
449 115
582 96
240 126
288 78
229 110
220 62
359 60
137 87
324 61
187 58
739 77
139 145
216 84
473 141
777 29
233 52
383 73
63 101
498 115
194 77
306 152
893 142
224 101
283 99
57 74
237 56
532 132
249 129
415 57
324 58
266 106
482 71
118 116
153 60
273 103
72 89
160 94
562 66
214 15
458 77
453 110
187 30
319 103
283 87
226 115
367 171
234 110
884 80
245 49
614 153
680 59
735 49
628 159
561 36
842 104
693 107
619 86
627 106
182 38
524 47
812 102
633 141
842 150
272 44
290 76
377 147
330 55
584 141
737 62
421 150
54 19
853 37
202 76
214 100
405 112
367 87
136 44
952 65
596 123
175 106
845 138
102 97
609 45
656 52
364 85
224 55
310 56
402 112
366 159
939 71
370 41
915 104
534 25
430 97
553 85
519 121
280 65
337 106
207 114
529 129
821 121
538 98
476 51
255 65
386 88
131 106
143 20
442 115
153 51
516 162
508 84
315 157
473 116
806 139
628 22
115 91
343 86
205 84
831 30
424 20
659 43
200 56
116 64
373 74
119 148
342 121
929 49
532 47
650 37
128 36
387 99
67 150
749 63
339 70
492 124
436 107
548 94
382 40
539 101
713 58
291 54
482 139
496 108
550 114
546 141
33 154
534 119
695 73
79 153
419 82
496 52
593 157
331 93
315 99
477 104
331 35
188 121
226 109
636 50
137 124
290 95
843 72
141 170
168 64
159 166
889 101
204 139
157 72
828 127
715 57
419 44
305 59
515 31
276 46
206 153
77 67
666 85
452 98
424 102
217 79
417 174
678 92
483 64
301 66
127 52
695 119
496 68
755 63
135 99
91 77
361 57
688 57
492 86
593 102
322 157
132 149
312 160
475 62
585 76
180 77
366 128
491 153
713 159
236 32
361 99
275 71
559 169
445 62
427 120
405 143
289 115
354 128
791 102
413 102
203 47
375 45
892 29
142 27
236 99
340 159
292 38
172 58
536 99
694 21
251 49
680 102
154 81
74 149
863 92
712 107
248 101
292 27
407 65
694 87
351 140
253 117
397 42
402 179
665 66
233 75
468 76
498 58
711 60
234 95
137 135
759 59
194 76
268 36
559 64
809 98
246 51
389 96
461 151
406 176
422 103
242 170
710 98
253 69
44 54
356 66
381 81
237 95
731 141
708 113
479 94
142 61
173 34
284 126
574 51
412 122
556 55
437 84
353 76
179 63
363 73
702 92
799 195
398 60
146 108
138 77
116 33
261 133
695 102
263 104
285 80
423 30
433 90
163 36
264 81
695 125
467 86
345 97
660 61
216 128
281 63
776 87
234 167
169 52
405 27
625 98
290 134
404 128
522 101
786 138
216 75
206 126
149 75
345 125
430 100
568 68
684 46
149 126
414 28
125 56
730 66
265 51
469 96
498 128
382 79
217 66
355 42
604 57
347 134
891 102
727 181
690 111
439 68
605 125
286 104
177 64
69 122
567 93
143 66
313 106
311 106
444 92
614 23
485 84
683 121
166 51
352 28
431 74
190 83
239 119
350 114
304 52
477 69
285 46
196 109
208 97
474 57
256 166
349 49
218 67
273 96
181 25
524 61
284 43
614 81
452 135
449 56
300 136
370 109
663 95
431 89
377 108
634 118
168 123
845 103
453 64
318 131
383 94
327 95
223 53
474 176
312 77
487 69
308 134
342 50
421 77
242 158
368 159
526 105
155 80
437 97
201 70
146 86
576 133
316 82
409 27
377 108
799 114
817 58
955 79
289 79
173 61
303 103
251 133
449 93
382 26
738 25
159 83
238 111
680 23
751 53
482 41
344 180
99 178
385 136
257 119
257 57
528 86
37 116
763 87
534 21
326 72
572 148
469 49
24 54
176 185
851 38
592 103
695 105
451 108
310 65
98 52
281 42
421 79
334 113
392 67
63 59
680 182
243 93
103 146
817 20
455 162
818 64
616 174
408 55
442 159
640 85
603 110
535 160
322 120
509 101
359 29
580 74
878 67
283 95
133 102
388 71
625 68
565 47
50 147
386 81
109 99
165 14
99 60
430 66
268 58
946 75
43 145
77 82
180 143
338 39
341 48
174 49
328 86
349 91
349 66
401 87
808 117
56 55
453 89
430 99
217 104
207 66
239 164
783 39
354 140
467 124
587 24
621 97
308 134
103 36
183 58
139 25
358 61
101 64
327 127
699 68
556 56
693 23
744 129
232 63
183 121
335 113
642 79
797 41
72 64
657 45
366 121
430 73
427 92
216 61
231 96
314 81
621 106
459 62
774 173
357 80
162 69
367 145
930 93
564 21
702 128
403 63
641 60
383 101
230 71
168 121
339 81
332 131
294 90
99 84
317 123
346 158
368 74
221 55
503 23
420 73
561 45
532 116
593 101
483 43
313 66
12 31
753 86
134 70
253 34
328 151
172 145
617 116
118 48
108 100
155 48
632 41
573 43
157 58
295 106
420 44
903 52
227 117
444 49
186 49
96 85
464 72
440 127
353 45
314 53
417 42
424 126
210 155
449 45
205 70
519 144
350 15
763 52
347 84
596 68
347 50
175 156
407 35
339 92
259 188
152 94
102 94
314 93
182 93
753 87
89 160
446 75
454 56
276 74
135 82
487 61
765 29
236 106
181 80
843 77
447 66
576 108
254 87
316 126
385 159
349 63
692 37
262 56
92 169
168 87
610 52
690 166
107 81
336 55
405 85
291 99
263 55
37 41
144 55
88 118
247 127
131 85
595 26
806 112
569 70
396 32
225 58
449 110
389 57
361 143
742 80
625 61
221 98
152 143
242 112
371 118
423 93
268 171
378 69
357 159
714 106
573 25
564 67
337 143
439 86
277 123
374 154
235 101
429 88
531 179
315 39
23 141
411 151
212 33
108 160
600 51
585 77
510 52
346 115
891 61
207 57
516 61
475 61
733 131
389 89
887 149
291 57
446 63
735 65
87 179
384 104
404 78
516 57
507 132
505 138
490 73
689 81
360 75
200 110
369 57
566 171
176 45
590 133
333 133
419 154
111 115
383 93
753 64
628 86
136 178
410 81
593 107
807 42
129 166
88 82
433 140
357 75
65 159
374 39
357 101
273 119
127 146
144 96
70 131
324 51
571 43
584 138
193 132
201 60
441 107
409 36
427 103
524 52
130 123
245 107
347 100
396 77
370 28
351 117
338 118
93 196
727 160
261 169
602 186
295 183
712 145
163 81
979 175
798 47
362 117
260 100
349 109
386 92
439 90
326 116
593 168
701 126
522 109
338 39
288 48
247 58
699 59
371 57
415 61
535 167
481 44
273 56
248 85
33 92
362 93
197 78
447 62
179 144
235 88
163 193
495 43
743 89
713 69
341 15
505 60
706 97
201 88
563 128
345 52
866 127
161 42
409 162
726 81
695 76
463 21
296 71
366 43
129 106
221 53
727 46
320 147
265 49
560 114
228 153
73 42
112 101
120 83
322 69
416 98
725 160
802 59
76 77
797 56
778 85
807 96
233 104
921 57
357 62
680 69
369 122
228 58
524 59
982 110
265 135
262 79
179 132
618 37
418 93
336 66
229 167
723 74
169 83
181 129
329 37
314 148
437 105
599 53
179 67
679 60
477 45
454 169
45 61
207 75
419 84
648 83
206 126
83 75
594 68
423 59
382 95
92 58
446 132
302 33
591 85
757 124
746 106
181 32
99 81
126 46
381 162
816 107
337 43
517 90
294 55
393 124
733 70
440 168
175 34
449 34
67 73
352 41
315 104
184 90
909 31
178 124
250 115
315 153
268 53
674 105
420 127
536 25
94 164
617 86
212 80
59 99
198 75
141 125
333 92
144 137
533 148
433 27
209 55
800 120
465 67
327 34
524 127
428 42
79 46
680 106
168 80
30 36
462 91
400 66
474 44
174 28
608 125
218 66
602 135
347 134
563 95
296 87
645 87
215 96
410 105
526 77
131 178
391 106
759 95
406 35
638 32
522 86
178 81
545 73
293 169
124 64
185 39
349 69
220 38
203 171
630 113
880 62
143 81
410 75
456 64
577 83
512 60
261 94
574 83
169 25
302 97
742 126
263 138
560 197
210 49
199 117
470 114
338 139
170 45
233 98
891 22
422 52
229 78
279 112
914 131
670 188
331 165
199 65
274 76
391 127
640 42
415 83
788 108
481 71
372 41
519 29
239 126
283 72
273 48
497 45
550 181
396 64
241 88
262 34
332 13
947 74
220 102
371 45
273 98
54 148
653 41
336 123
860 178
554 133
248 99
248 48
403 152
687 161
139 86
501 62
746 49
635 90
353 124
466 107
654 80
368 47
687 69
583 38
178 88
474 44
715 154
225 174
273 116
421 91
252 38
82 46
486 151
745 53
362 55
58 30
301 33
707 79
283 34
330 175
339 41
395 158
225 116
649 86
378 140
353 57
183 144
222 54
106 96
291 106
661 44
629 94
581 70
467 142
353 108
261 102
573 63
558 159
294 117
543 41
205 90
450 91
529 77
288 73
762 92
733 24
69 67
319 103
601 131
288 43
162 162
581 130
259 101
917 190
669 131
605 43
712 72
343 71
222 174
143 59
324 49
891 122
815 130
412 54
287 79
263 46
216 55
359 99
210 63
95 145
703 161
356 59
494 118
64 41
396 132
366 122
393 138
275 97
109 110
685 142
126 46
714 97
465 63
414 59
496 162
422 18
421 58
201 87
349 68
703 77
230 100
796 85
236 26
215 130
584 63
45 70
825 111
258 28
654 122
214 62
191 41
183 21
529 62
777 118
517 44
344 113
194 155
136 14
704 105
902 56
151 107
668 146
646 69
542 64
191 56
757 166
830 55
613 66
568 116
435 131
217 81
719 36
432 43
253 69
404 48
620 68
398 139
376 108
366 86
642 97
358 128
829 63
493 66
308 162
542 65
790 58
517 52
204 50
79 64
817 119
180 156
232 41
203 91
598 179
393 79
135 101
236 129
845 70
732 82
109 117
580 181
414 75
280 52
145 97
544 86
199 47
481 79
165 28
58 57
235 101
494 142
253 77
177 20
254 86
701 77
616 38
848 47
771 154
412 111
282 159
409 35
170 67
167 68
359 154
816 106
190 153
337 70
439 109
266 141
758 125
928 152
63 107
761 71
193 70
405 105
758 47
853 30
507 67
348 133
158 135
242 52
576 169
535 54
568 104
219 99
313 95
285 53
829 58
251 175
723 109
572 127
692 27
554 122
455 112
179 102
485 88
170 117
324 57
420 157
359 89
404 123
387 93
808 66
754 81
229 48
508 52
172 75
615 49
330 61
618 76
224 74
707 179
301 107
852 50
726 79
741 95
433 164
369 53
218 88
367 129
197 127
527 99
188 41
80 110
306 120
142 150
310 43
418 85
170 99
667 82
90 60
202 122
479 126
295 150
49 109
645 153
429 91
647 42
339 46
454 98
587 125
534 89
655 82
688 81
573 120
522 125
218 62
180 179
488 122
835 76
244 66
114 127
175 57
177 130
175 54
597 96
459 101
257 66
375 80
441 17
744 107
169 70
229 153
262 147
216 91
381 15
12 111
677 113
136 84
172 57
531 38
740 106
131 30
238 185
221 42
129 35
513 59
594 54
449 80
655 63
349 90
375 87
315 72
299 89
337 103
309 50
497 121
589 66
175 125
366 48
350 89
204 72
275 73
208 46
137 61
448 71
395 83
399 133
183 57
149 78
845 57
429 118
563 68
351 55
485 51
412 101
311 91
809 61
173 144
349 103
390 85
214 59
190 193
575 100
581 81
619 160
423 40
177 38
363 69
380 117
519 54
174 128
816 54
575 59
250 115
352 73
302 65
712 115
261 25
254 23
305 53
534 99
419 24
317 46
505 58
603 96
707 65
246 40
169 107
415 119
82 125
267 56
217 78
543 102
224 83
452 64
547 76
292 16
335 32
505 64
379 118
189 79
330 163
150 62
171 39
698 51
538 48
542 172
507 100
541 53
343 59
480 46
357 53
68 57
185 24
897 92
738 28
267 93
147 125
307 50
661 104
215 72
269 156
560 129
646 100
339 126
272 40
741 72
276 162
359 118
293 67
472 98
363 37
107 79
517 51
674 20
234 154
615 77
143 35
137 74
595 101
343 84
122 51
377 139
352 115
325 73
229 98
450 104
523 126
208 68
470 161
577 99
521 61
212 24
255 65
773 136
388 36
462 33
284 54
308 87
443 76
404 117
315 57
394 128
95 119
200 141
439 87
372 169
927 172
411 60
243 140
135 130
408 170
316 98
748 91
509 91
574 50
744 83
169 77
549 145
423 79
424 92
419 150
141 152
266 72
613 150
179 54
494 159
624 82
259 56
929 113
479 37
419 75
101 46
636 164
395 74
695 123
212 59
423 122
112 39
616 160
722 150
700 124
208 75
629 193
274 105
318 15
301 72
222 87
555 84
40 158
618 115
183 146
356 131
320 40
111 127
642 100
464 21
443 35
612 147
291 62
351 65
217 36
352 193
72 120
426 47
148 142
358 76
174 70
383 107
290 90
377 106
177 46
868 138
60 100
268 152
487 112
506 119
248 171
684 154
78 53
197 42
415 72
397 83
88 82
392 181
443 40
82 87
445 57
172 34
286 74
104 43
498 55
470 155
106 77
411 180
470 104
177 167
263 169
405 55
409 73
509 83
164 55
351 78
311 21
168 81
280 123
356 157
353 138
342 100
485 41
505 43
786 74
661 103
340 97
606 47
613 161
688 167
65 153
308 108
451 40
607 118
79 106
361 62
474 108
457 63
344 56
334 131
688 91
282 63
448 45
444 32
92 75
162 57
169 114
330 120
413 40
201 64
203 61
290 96
257 160
99 60
625 49
432 54
568 133
116 37
508 72
682 112
571 187
211 46
100 80
558 104
355 92
243 126
171 67
370 182
812 82
151 132
498 45
465 79
250 101
301 109
578 57
401 59
422 100
241 69
396 92
515 168
387 143
596 74
284 61
286 92
330 91
534 79
551 107
232 46
231 145
148 159
246 62
387 94
168 25
293 63
171 89
395 183
374 122
366 45
34 56
320 41
49 136
287 51
192 106
190 37
850 147
490 58
392 175
617 23
290 120
218 83
272 57
768 184
246 38
414 108
306 172
639 123
303 76
268 72
38 159
630 85
115 67
279 57
380 101
476 62
812 90
192 25
315 58
709 38
183 142
531 72
139 71
301 71
334 85
69 66
339 133
647 63
138 104
346 72
143 134
466 35
798 62
147 131
214 46
280 61
711 83
276 60
77 37
593 87
809 78
512 88
632 109
217 138
729 56
63 58
551 48
470 115
411 82
331 95
185 52
290 129
728 31
209 71
209 62
668 97
660 44
439 54
763 124
228 76
271 62
428 140
232 96
335 137
298 128
121 51
660 89
162 84
676 90
420 76
630 135
524 185
370 93
667 67
569 174
717 100
106 53
588 59
525 112
328 108
220 148
187 136
683 115
556 55
443 51
297 50
727 98
683 82
305 67
704 49
462 171
325 63
631 84
616 52
357 19
461 92
291 169
730 64
255 170
329 43
472 80
535 28
700 95
863 91
616 125
181 140
506 109
666 116
474 96
299 129
411 59
466 22
592 56
355 134
597 34
660 49
32 16
955 178
338 80
349 64
299 22
733 92
379 27
840 79
353 85
403 84
336 61
204 106
292 60
175 80
126 64
666 81
82 143
267 62
245 60
58 60
80 155
392 139
181 62
232 57
182 49
564 118
530 52
298 56
110 56
940 58
840 76
535 34
150 77
105 103
697 96
250 120
375 152
403 84
307 90
228 140
216 73
108 147
471 63
298 88
419 35
188 103
220 111
678 108
611 45
154 116
899 126
459 84
117 77
209 42
101 57
448 33
282 123
250 51
42 43
423 91
403 15
96 112
184 153
136 80
575 96
799 92
282 90
282 84
364 91
458 160
686 150
686 94
623 37
486 74
778 53
358 70
493 61
245 75
293 78
240 133
547 174
257 61
739 38
796 86
391 57
169 58
167 105
546 100
776 99
80 155
406 196
203 52
569 94
571 170
285 83
328 147
78 103
249 177
207 63
586 166
148 58
830 37
142 11
674 123
306 99
805 110
228 96
317 39
304 90
739 71
51 131
772 50
368 98
207 171
495 81
842 117
784 56
130 142
333 114
571 34
289 64
603 123
534 65
500 16
650 135
672 192
755 124
45 153
749 96
461 85
292 145
371 104
567 80
634 49
328 67
605 178
628 100
684 52
411 53
562 137
674 178
369 83
654 44
82 76
554 115
514 51
933 58
678 45
525 41
247 70
198 148
544 100
379 76
385 76
239 70
151 30
417 140
535 122
138 51
560 64
636 143
874 137
146 162
373 81
657 51
586 80
299 78
789 165
763 122
651 84
378 50
368 116
752 75
195 66
888 92
445 61
264 189
121 93
247 79
201 82
434 21
396 73
541 96
398 89
838 93
171 133
439 74
216 51
257 67
452 22
523 85
502 91
220 104
432 172
505 131
218 89
573 146
533 137
320 67
756 115
236 149
453 110
598 86
675 43
241 31
264 163
649 37
339 158
69 152
344 78
369 67
691 142
723 53
171 78
219 132
164 88
363 163
583 161
355 41
165 106
501 94
292 105
153 106
225 39
702 60
530 67
253 85
269 68
358 56
821 74
329 124
334 144
175 70
356 126
66 26
154 76
679 49
443 102
395 73
410 104
166 97
662 66
285 67
387 63
594 55
389 51
199 124
561 68
344 166
406 42
510 48
285 49
656 62
691 60
910 81
569 90
305 102
349 73
456 187
448 66
471 91
648 88
234 57
127 129
419 22
717 126
85 68
329 126
210 72
285 63
269 89
656 116
376 84
414 45
102 42
57 138
135 17
650 49
656 125
170 54
574 166
691 59
889 106
318 58
221 51
139 129
492 56
271 140
258 68
168 126
456 64
154 99
653 27
633 40
298 122
100 61
233 102
223 61
639 94
796 95
598 54
528 119
822 86
725 137
603 95
439 61
206 54
328 72
490 134
649 73
388 96
134 84
203 111
275 68
506 169
536 41
335 93
165 15
382 123
551 126
292 62
332 128
616 31
304 36
430 85
390 81
304 72
215 40
864 22
174 44
217 88
289 132
399 105
462 23
594 55
383 87
597 110
220 70
312 123
242 149
360 114
237 84
340 122
135 189
271 58
793 78
795 160
245 44
393 83
249 99
662 86
104 147
198 139
336 41
313 87
611 52
730 163
614 136
312 67
675 101
248 44
156 141
144 139
761 86
412 172
86 37
773 142
101 69
228 84
88 58
466 137
543 76
254 69
472 104
422 73
545 65
351 61
557 54
734 168
725 53
240 101
557 96
305 70
205 64
156 83
630 55
187 81
191 30
336 110
261 107
153 116
110 96
254 26
668 73
662 45
184 120
573 108
305 134
727 52
524 50
292 136
288 57
602 55
75 42
102 67
406 68
265 119
172 113
205 61
176 59
438 153
177 103
359 74
316 168
311 37
317 68
343 82
543 61
260 180
853 62
207 144
384 34
705 26
235 56
476 40
720 70
330 31
414 103
224 69
489 111
170 90
132 180
335 126
229 142
385 103
391 97
387 94
324 154
589 141
944 122
280 80
513 41
64 67
213 69
266 68
322 119
709 48
414 73
159 166
298 95
391 63
637 71
493 170
322 69
300 164
635 172
654 40
517 77
107 142
569 66
417 61
281 124
421 96
224 79
584 96
169 62
326 128
725 88
761 106
198 37
214 93
203 61
705 103
246 55
353 44
631 196
262 183
199 159
367 155
199 150
352 67
131 62
605 154
592 84
592 125
627 186
139 38
249 87
731 74
470 50
351 47
516 105
114 117
269 114
136 67
148 27
416 129
616 118
270 115
503 45
290 22
215 122
329 185
525 58
231 65
663 159
368 86
552 63
424 56
470 56
198 130
251 77
373 82
467 110
434 137
427 101
313 45
386 127
391 54
394 172
616 153
200 63
139 107
483 54
659 183
194 164
199 78
172 52
517 80
410 48
308 107
657 182
375 167
257 60
303 141
935 41
110 55
135 32
191 123
231 88
345 129
751 107
756 36
215 119
119 32
717 107
188 74
703 104
500 57
586 102
551 33
176 104
73 145
653 110
553 75
706 71
525 69
248 92
313 183
371 127
179 85
140 97
796 40
305 68
378 36
43 130
784 83
150 28
418 65
890 96
325 146
112 173
442 57
584 52
303 58
124 154
386 81
701 89
192 82
218 66
262 145
165 168
322 112
617 98
528 70
272 127
200 51
216 54
340 153
206 53
442 87
189 72
467 55
465 92
821 66
375 17
486 139
186 78
232 65
141 131
497 148
257 54
206 117
215 20
392 89
439 41
689 69
421 150
624 170
309 89
192 120
446 30
209 70
583 55
605 96
206 34
752 65
337 118
512 111
200 128
591 151
360 26
302 148
256 94
376 31
275 85
393 36
260 175
299 156
584 119
651 90
129 55
28 76
456 71
268 73
201 86
416 142
512 99
424 94
439 174
177 27
725 74
93 78
731 135
197 28
625 45
48 179
469 26
155 128
905 85
495 23
258 163
683 90
214 112
417 184
216 65
430 118
177 48
58 123
483 57
451 95
467 56
682 103
644 50
593 118
437 68
171 120
324 99
467 56
241 77
118 42
606 93
558 59
32 45
350 71
235 41
206 76
193 80
382 63
142 37
457 155
382 110
672 71
877 117
507 40
217 133
261 119
365 141
680 78
512 83
571 94
355 97
151 54
731 53
334 157
479 147
150 72
452 71
594 104
888 19
356 114
357 41
235 54
55 58
297 74
323 89
561 139
454 45
631 32
617 80
277 60
346 91
560 146
255 138
134 125
588 92
207 79
716 83
277 93
214 109
384 104
257 89
482 157
607 81
188 39
712 57
576 153
537 157
494 74
524 56
431 132
804 100
164 81
526 112
349 95
419 93
405 72
141 42
413 34
626 46
798 54
212 92
777 141
237 157
223 89
381 13
298 63
344 119
378 45
225 108
160 109
448 32
502 154
561 123
180 61
587 90
199 21
165 69
684 55
279 43
433 112
594 48
142 103
289 51
295 102
513 98
494 66
398 71
816 142
335 188
102 130
172 65
188 75
309 119
221 74
241 84
233 57
106 28
435 173
124 111
585 97
357 24
699 47
404 80
207 52
194 116
649 159
189 36
81 104
450 166
317 141
254 135
277 115
236 32
500 23
150 80
193 62
281 126
457 141
307 153
231 35
272 100
240 127
269 87
328 63
664 59
758 131
148 68
110 169
412 57
112 64
288 65
194 91
549 157
431 83
163 45
265 54
964 55
344 94
427 52
309 175
635 114
403 148
716 142
178 126
297 98
270 36
608 66
478 132
496 95
341 187
351 62
469 142
910 33
616 49
103 56
623 94
328 83
239 51
687 64
338 122
757 84
189 110
112 86
472 56
202 138
205 123
94 91
330 76
77 55
689 180
132 32
201 65
516 129
441 108
202 143
880 51
321 57
557 126
24 144
383 132
114 136
387 149
634 80
208 136
504 19
429 25
383 131
355 44
564 78
516 65
227 95
468 74
405 78
322 145
222 67
672 71
439 34
30 45
652 98
93 69
413 82
318 83
501 72
119 140
388 161
271 122
198 60
303 151
357 98
352 72
248 101
346 73
547 77
403 113
95 90
318 52
293 123
812 86
274 144
522 113
610 121
572 113
860 28
92 56
431 140
513 64
154 130
348 49
142 42
164 150
105 97
826 56
215 88
96 93
823 43
684 158
216 78
478 83
503 110
121 97
387 71
188 71
160 27
263 85
717 112
142 88
328 70
238 35
99 145
778 109
508 125
689 178
321 76
586 64
202 82
242 119
599 54
354 111
797 117
575 76
346 49
157 165
219 53
660 63
219 167
314 93
866 81
289 79
692 94
194 106
534 95
318 95
352 135
436 134
574 134
529 61
161 75
821 56
383 119
727 112
464 79
143 59
395 71
218 74
289 158
43 176
750 74
581 104
428 32
195 51
702 67
585 62
248 91
174 129
592 114
517 94
387 72
865 72
752 46
366 104
523 71
222 35
216 130
256 156
700 60
479 94
400 68
519 67
198 110
119 53
287 160
494 57
187 175
806 134
217 137
473 113
734 50
560 66
183 57
91 48
347 43
508 170
465 88
246 136
606 122
292 151
912 19
538 77
297 38
362 37
709 17
123 71
612 83
692 112
184 89
441 41
352 95
690 175
373 168
112 66
862 56
236 59
580 125
512 76
311 84
753 46
311 79
434 53
390 51
244 27
237 58
633 47
472 112
251 95
329 139
921 135
288 100
793 92
336 76
674 61
719 103
189 36
347 137
561 68
406 172
344 120
415 43
360 129
390 56
744 55
838 106
217 162
409 50
249 46
451 51
332 45
369 93
376 126
901 144
271 150
426 106
194 54
375 60
575 66
415 65
504 36
259 82
388 94
270 124
357 140
627 113
196 63
135 155
203 60
260 86
364 178
473 142
413 76
44 104
137 79
51 48
931 92
155 38
654 106
641 44
231 85
406 41
676 104
416 157
665 71
203 85
476 23
13 122
824 67
496 89
505 82
905 142
518 105
631 84
129 78
578 109
433 86
530 136
311 80
383 126
194 131
290 75
285 76
401 60
897 114
335 115
124 65
67 157
761 86
138 145
483 41
354 54
324 84
609 84
310 145
298 77
342 108
152 65
176 82
309 156
632 136
306 40
204 78
438 85
736 92
303 79
790 88
278 82
649 164
283 110
345 125
530 41
590 89
485 119
218 23
188 26
137 117
117 181
407 138
750 62
169 41
701 60
787 68
306 40
652 37
424 174
352 130
513 130
488 138
710 74
144 149
487 36
625 39
793 85
192 14
701 111
464 138
630 89
473 77
246 51
532 186
129 66
458 145
791 108
203 69
261 63
769 114
64 48
123 60
877 19
242 171
752 85
213 155
311 51
202 103
206 57
239 65
972 104
362 20
350 94
295 97
323 59
460 121
156 134
459 57
622 59
372 40
690 60
885 140
434 103
579 62
303 53
30 97
678 116
237 121
822 101
880 170
478 101
438 117
484 50
245 172
109 148
79 69
738 52
419 77
45 77
752 79
561 103
151 67
27 146
913 123
488 138
148 77
137 98
230 131
176 165
148 169
674 144
300 81
135 125
698 51
541 149
203 102
45 38
534 69
398 97
397 82
315 69
417 83
144 77
453 15
31 131
188 53
318 185
484 111
594 114
610 38
499 78
793 97
303 57
672 130
316 137
434 63
294 104
710 155
656 148
348 61
192 104
724 124
914 108
523 156
57 72
226 50
101 51
90 184
687 83
578 46
735 60
603 120
199 64
424 20
721 143
378 149
206 62
566 134
365 123
685 127
833 86
189 74
33 133
370 17
549 158
396 78
152 58
424 173
243 71
599 109
740 70
279 94
585 163
230 78
352 40
325 83
449 119
267 62
637 69
703 86
269 66
511 103
316 120
98 89
305 81
195 30
754 123
219 117
398 67
604 55
670 45
211 60
265 33
264 61
359 169
67 121
139 113
856 90
247 24
561 78
463 114
764 157
348 104
435 37
244 93
381 152
225 119
475 60
62 29
128 80
311 61
553 43
280 53
80 57
140 124
121 100
430 123
777 58
58 123
303 127
699 106
406 41
202 124
371 54
81 101
594 47
388 59
237 57
694 50
135 57
296 130
825 104
50 173
83 141
295 64
358 83
518 23
353 40
359 70
148 85
468 56
72 97
555 76
63 56
894 128
130 47
473 136
311 91
664 52
790 54
480 44
286 48
622 62
507 83
408 52
343 63
719 75
465 51
45 109
158 94
709 113
199 143
640 122
340 77
323 127
746 51
285 133
184 24
426 67
390 131
545 122
812 45
189 62
216 64
709 73
240 71
728 160
244 96
545 125
159 129
701 139
799 80
461 62
151 94
127 112
589 54
328 79
352 145
385 138
142 159
497 78
555 94
263 161
658 61
565 149
612 54
384 122
275 129
647 24
240 136
405 162
171 102
827 80
778 87
390 44
511 132
294 140
744 83
596 77
92 181
210 119
362 174
372 72
279 97
139 60
381 72
394 78
439 140
655 104
60 104
743 48
447 58
415 134
64 86
346 68
140 123
670 156
84 69
438 73
416 37
174 122
725 82
231 112
339 114
406 50
543 118
588 167
649 113
271 60
441 157
709 138
115 86
168 74
502 149
218 87
187 55
380 76
547 154
622 140
276 47
219 32
232 56
234 105
204 121
672 113
245 112
116 73
619 120
639 62
933 90
204 63
700 23
414 52
533 87
156 66
563 111
259 35
460 62
261 85
565 81
580 119
582 37
841 87
395 75
453 123
184 121
699 122
729 89
665 119
320 113
331 125
436 71
382 67
196 59
515 82
403 47
432 99
289 54
634 62
361 72
552 132
157 99
323 39
77 27
79 103
375 90
273 54
693 52
135 89
593 75
527 56
265 57
860 61
525 48
680 40
779 104
349 70
447 26
99 162
735 83
620 64
714 113
559 60
493 187
144 73
602 132
351 52
484 45
63 161
346 57
408 36
121 27
142 89
910 66
284 98
253 76
70 56
426 117
607 49
224 65
182 76
194 110
378 72
383 30
263 63
619 47
39 46
119 107
465 81
230 66
652 67
531 59
266 60
475 69
315 111
266 61
92 26
553 108
171 110
651 75
739 145
509 52
356 125
571 65
208 67
762 166
289 59
509 67
605 50
129 52
602 57
204 56
63 187
176 103
246 112
284 73
117 86
193 155
324 77
528 135
234 129
373 38
591 19
504 46
306 49
358 158
445 56
334 125
643 44
708 53
765 178
277 123
887 115
102 101
526 130
294 139
448 115
288 125
64 69
367 66
72 18
131 87
229 97
366 57
620 44
305 133
341 99
214 92
409 90
348 78
490 156
222 102
642 98
217 106
873 131
622 103
345 76
177 74
166 77
239 104
297 95
373 53
525 151
327 134
797 76
138 61
81 95
250 166
119 64
175 67
704 111
357 28
686 144
588 39
717 134
697 53
520 137
426 46
442 169
772 163
189 64
306 173
773 42
260 129
752 30
461 112
717 71
320 99
329 53
212 43
484 23
548 94
164 140
160 135
411 155
480 94
483 34
583 118
779 108
206 73
792 106
875 34
572 113
193 113
451 54
206 24
433 52
162 79
221 144
575 121
203 140
596 52
246 51
317 57
440 57
276 109
701 65
610 98
163 73
422 89
283 96
555 133
171 45
410 16
359 45
563 136
449 79
786 116
166 65
316 172
614 104
318 128
100 74
537 118
215 66
456 73
302 135
292 125
303 90
792 99
685 170
649 28
248 52
300 98
769 84
658 110
430 67
317 112
277 67
564 83
111 125
497 126
396 30
910 37
199 43
248 40
273 93
518 77
474 118
866 126
160 59
619 54
118 65
275 37
218 150
471 54
185 73
231 47
216 90
529 45
206 147
308 39
88 104
261 50
169 137
226 137
795 78
211 169
361 118
166 96
380 74
26 10
485 66
438 28
299 84
126 27
231 62
648 124
346 48
673 60
272 133
271 71
51 123
666 85
128 114
559 77
113 36
872 39
224 115
291 63
433 64
568 86
574 53
871 172
690 173
238 150
747 47
167 125
683 35
261 53
522 99
192 121
691 93
155 34
229 46
335 63
640 141
230 97
567 126
312 123
226 75
45 129
510 58
287 34
400 56
704 131
339 71
243 79
559 33
241 129
304 90
589 96
391 43
265 72
365 173
180 126
640 154
397 68
225 38
227 85
208 81
918 68
188 168
207 49
257 124
316 172
893 66
911 86
268 175
83 126
499 98
262 56
413 61
473 65
379 149
707 111
233 52
300 87
372 72
430 137
282 115
326 31
305 82
262 40
270 72
123 67
595 49
793 109
744 120
86 162
588 138
584 113
782 33
206 149
444 119
791 73
466 33
258 61
502 61
301 85
419 125
188 83
312 38
419 56
845 42
716 75
271 138
895 61
771 77
289 85
228 108
694 81
263 51
412 47
214 84
432 44
274 110
352 86
569 49
487 90
477 43
275 56
387 69
357 126
435 136
621 65
513 144
668 174
121 93
307 69
858 67
229 74
753 53
109 104
494 60
358 58
303 71
688 160
989 68
168 46
332 117
259 69
338 56
41 61
106 66
463 74
327 46
702 74
379 55
417 139
199 94
346 58
220 60
629 42
500 142
161 40
180 122
582 62
653 161
581 108
698 145
209 102
536 47
532 83
368 96
122 79
873 91
398 111
653 120
321 119
180 59
463 56
124 119
97 87
411 34
205 32
667 136
525 60
178 101
78 75
628 48
381 75
417 115
731 38
265 170
366 172
416 125
71 68
208 60
487 157
608 70
237 144
683 59
740 129
743 69
220 76
620 114
161 80
523 36
356 78
287 40
422 60
383 75
253 61
622 154
745 82
291 127
261 36
466 44
376 131
38 135
448 112
117 110
220 125
220 60
408 74
533 106
190 45
329 74
274 73
733 60
566 91
626 104
312 56
433 142
641 137
683 148
452 28
279 147
591 28
712 81
612 80
465 39
397 93
128 27
55 72
735 49
192 114
743 160
843 81
644 115
101 117
310 98
251 60
821 92
174 85
625 44
651 105
154 129
906 81
266 40
528 87
493 17
330 64
438 39
336 132
257 34
519 31
210 81
223 62
468 44
268 19
153 111
447 58
577 21
553 118
319 95
80 180
140 135
120 100
605 56
571 124
207 47
611 132
681 30
248 170
193 132
399 62
344 60
319 159
443 93
570 181
180 76
219 143
29 105
173 55
86 37
600 44
430 18
164 69
447 86
228 48
562 67
172 59
71 34
183 102
160 181
826 53
208 103
705 130
612 71
324 134
174 197
581 114
374 130
279 107
300 21
157 86
431 99
285 59
507 189
565 91
278 105
192 56
195 82
335 83
413 84
327 54
526 51
336 113
152 21
469 80
386 123
718 168
389 60
805 77
103 57
417 77
652 51
86 88
276 130
465 89
44 169
361 59
504 44
330 150
279 91
347 59
356 34
108 66
351 42
224 104
734 116
442 103
692 13
379 98
479 35
490 118
233 174
589 110
207 107
181 114
172 149
291 71
250 106
310 63
412 157
203 40
215 122
107 39
199 100
214 196
589 46
294 51
450 34
272 75
178 119
301 128
191 153
163 133
191 153
398 104
459 144
563 36
276 106
780 84
590 13
57 108
408 133
285 93
396 146
165 88
242 55
238 125
208 28
249 48
710 79
188 94
485 191
477 73
152 45
387 87
245 153
244 128
581 97
420 82
559 144
512 170
488 61
879 28
653 129
220 45
229 134
360 136
248 108
473 49
741 57
72 64
166 113
211 64
416 122
138 81
227 25
568 63
483 114
436 105
688 114
215 76
53 88
216 40
212 66
526 42
213 39
544 48
242 62
414 58
223 167
680 132
484 113
278 85
225 78
322 103
358 100
515 170
559 46
458 180
763 106
213 169
189 131
820 76
764 98
127 148
255 155
321 83
318 131
430 95
494 88
418 168
172 165
580 97
368 121
428 86
269 40
410 131
211 73
667 94
221 58
876 124
313 69
167 41
812 166
478 31
302 122
236 93
485 96
259 97
201 163
280 63
513 84
110 72
411 50
304 42
52 143
295 105
94 54
801 53
293 68
300 75
414 37
432 93
908 79
625 96
727 78
115 92
861 112
467 128
775 125
300 80
519 48
397 147
206 57
210 80
221 120
284 106
315 154
67 49
249 95
860 166
532 95
766 127
626 86
265 117
408 137
437 44
776 37
326 39
561 33
793 77
476 124
276 94
224 95
259 108
335 149
398 55
232 191
812 105
360 60
453 88
812 124
804 134
37 106
176 94
563 59
498 56
770 97
628 95
430 56
237 64
359 97
379 38
364 101
682 172
459 79
324 103
295 73
134 76
198 65
390 54
273 120
408 105
201 139
107 178
554 178
651 80
899 74
141 98
602 125
664 46
369 56
196 123
262 135
374 58
147 31
512 77
663 101
97 151
595 64
696 154
118 130
143 150
625 61
559 108
151 42
348 180
370 62
148 63
199 134
57 44
404 130
397 69
717 77
29 80
514 66
518 132
543 58
246 96
201 34
212 56
552 39
576 61
472 24
385 105
263 82
164 51
83 57
342 22
644 151
314 117
390 114
224 94
515 41
465 44
521 151
107 162
651 80
712 84
336 163
401 166
136 119
809 137
174 108
466 125
312 104
362 176
852 23
705 125
283 106
346 124
292 70
614 75
460 57
93 52
702 143
398 127
510 30
935 47
430 36
700 165
345 195
529 64
256 18
891 97
593 84
308 56
468 39
603 88
179 96
839 135
316 92
238 116
492 111
597 23
168 121
565 98
799 102
329 41
343 110
543 72
610 47
613 51
479 43
126 55
965 61
758 140
344 106
239 45
248 81
784 133
833 72
966 45
585 138
693 68
379 119
487 103
777 72
658 112
504 138
17 81
100 86
468 102
284 114
645 165
356 124
234 131
169 187
196 119
196 165
458 135
358 54
276 47
191 74
517 47
467 31
203 140
565 63
651 145
282 62
515 53
403 144
575 89
426 105
242 43
565 152
332 24
630 52
208 47
265 68
219 109
116 95
732 96
327 103
402 118
550 35
136 79
864 127
208 159
542 54
674 51
363 119
179 55
435 78
127 106
178 86
309 58
606 60
88 84
201 72
298 86
193 60
233 66
269 27
635 78
623 97
483 118
120 87
914 108
172 153
298 48
816 72
106 71
456 70
234 173
458 94
129 171
490 69
620 78
98 141
256 57
184 97
538 138
549 92
392 85
570 74
64 51
311 65
275 38
694 149
112 53
620 73
854 97
615 52
857 53
593 159
319 110
346 30
716 166
296 89
738 63
234 39
441 147
198 74
439 106
369 52
499 84
757 71
865 47
256 138
211 165
384 61
736 55
505 105
505 151
306 140
519 36
406 50
219 66
578 128
198 57
411 57
491 47
428 83
262 30
384 78
383 54
73 103
152 50
300 66
493 60
346 136
241 88
339 51
568 91
511 63
533 30
180 106
89 145
119 64
835 83
299 47
147 92
498 143
609 136
43 50
337 114
264 28
112 93
759 65
311 132
257 53
520 139
192 41
187 16
182 64
877 16
506 60
425 84
